0x2dd4	Panic(uint256)
0x6400	Panic(uint256)
0x692e	Panic(uint256)
0x6961	Panic(uint256)
0x6994	Panic(uint256)
0x69c7	Panic(uint256)
0x69fa	Panic(uint256)
0x6a2d	Panic(uint256)
0x6a60	Panic(uint256)
0x6a93	Panic(uint256)
0x6ac6	Panic(uint256)
0x6af9	Panic(uint256)
0x6b2c	Panic(uint256)
0x6b5f	Panic(uint256)
0xe680	Error(string)
0xe797	Error(string)
0x5ca1S0xff	Panic(uint256)
0x5cd4S0xff	Panic(uint256)
0x5d07S0xff	Panic(uint256)
0x5d3aS0xff	Panic(uint256)
0x5d6dS0xff	Panic(uint256)
0x5da0S0xff	Panic(uint256)
0x5dd3S0xff	Panic(uint256)
0x5e06S0xff	Panic(uint256)
0x5e39S0xff	Panic(uint256)
0x5e6cS0xff	Panic(uint256)
0x5e9fS0xff	Panic(uint256)
0x5ed2S0xff	Panic(uint256)
0xe345S0xff	Error(string)
0xe36dS0xff	Error(string)
0xe395S0xff	Error(string)
0xe3e40x20bS0xff	Error(string)
0x708dS0xe7fdS0x135	Panic(uint256)
0x70c0S0x2b75S0x135	Panic(uint256)
0x66caS0x17f	Panic(uint256)
0x66fdS0x17f	Panic(uint256)
0x6730S0x17f	Panic(uint256)
0x6763S0x17f	Panic(uint256)
0x6796S0x17f	Panic(uint256)
0x67c9S0x17f	Panic(uint256)
0x67fcS0x17f	Panic(uint256)
0x682fS0x17f	Panic(uint256)
0x6862S0x17f	Panic(uint256)
0x6895S0x17f	Panic(uint256)
0x68c8S0x17f	Panic(uint256)
0x68fbS0x17f	Panic(uint256)
0xe630S0x17f	Error(string)
0xe658S0x17f	Error(string)
0x2deeS0x1b1	Panic(uint256)
0x6b92S0x1b1	Panic(uint256)
0x6bc5S0x1b1	Panic(uint256)
0x6bf8S0x1b1	Panic(uint256)
0x6c2bS0x1b1	Panic(uint256)
0x6c5eS0x1b1	Panic(uint256)
0x6c91S0x1b1	Panic(uint256)
0x6cc4S0x1b1	Panic(uint256)
0x6cf7S0x1b1	Panic(uint256)
0x6d2aS0x1b1	Panic(uint256)
0x6d5dS0x1b1	Panic(uint256)
0x6d90S0x1b1	Panic(uint256)
0x6dc3S0x1b1	Panic(uint256)
0xe6a8S0x1b1	Error(string)
0xe6d0S0x1b1	Error(string)
0xe6f8S0x1b1	Error(string)
0xe3e40x1e55S0x1b1	Error(string)
0x6df6S0x1d0	Panic(uint256)
0x6e29S0x1d0	Panic(uint256)
0x6e5cS0x1d0	Panic(uint256)
0x6e8fS0x1d0	Panic(uint256)
0x6ec2S0x1d0	Panic(uint256)
0x6ef5S0x1d0	Panic(uint256)
0x6f28S0x1d0	Panic(uint256)
0x6f5bS0x1d0	Panic(uint256)
0x6f8eS0x1d0	Panic(uint256)
0x6fc1S0x1d0	Panic(uint256)
0x6ff4S0x1d0	Panic(uint256)
0x7027S0x1d0	Panic(uint256)
0xe720S0x1d0	Error(string)
0xe748S0x1d0	Error(string)
0x70f3S0x2b28S0x117	Panic(uint256)
0x708dS0x29a2S0x2b28S0x117	Panic(uint256)
0x619cS0x125	Panic(uint256)
0x61cfS0x125	Panic(uint256)
0x6202S0x125	Panic(uint256)
0x6235S0x125	Panic(uint256)
0x6268S0x125	Panic(uint256)
0x629bS0x125	Panic(uint256)
0x62ceS0x125	Panic(uint256)
0x6301S0x125	Panic(uint256)
0x6334S0x125	Panic(uint256)
0x6367S0x125	Panic(uint256)
0x639aS0x125	Panic(uint256)
0x63cdS0x125	Panic(uint256)
0xe4a7S0x125	Error(string)
0xe4cfS0x125	Error(string)
0xe51cS0x125	Error(string)
0x705aS0x2addS0x104	Panic(uint256)
0x708dS0xe7d9S0x2addS0x104	Panic(uint256)
0x70c0S0x29f4S0x2addS0x104	Panic(uint256)
0x70f3S0x2a8aS0x2addS0x104	Panic(uint256)
0x708dS0x29a2S0x2a8aS0x2addS0x104	Panic(uint256)
0x705aS0x2c0dS0x15e	Panic(uint256)
0x708dS0xe7d9S0x2c0dS0x15e	Panic(uint256)
0x70c0S0x29f4S0x2c0dS0x15e	Panic(uint256)
0x70f3S0x2a8aS0x2c0dS0x15e	Panic(uint256)
0x708dS0x29a2S0x2a8aS0x2c0dS0x15e	Panic(uint256)
0x5f05S0x112	Panic(uint256)
0x5f38S0x112	Panic(uint256)
0x5f6bS0x112	Panic(uint256)
0x5f9eS0x112	Panic(uint256)
0x5fd1S0x112	Panic(uint256)
0x6004S0x112	Panic(uint256)
0x6037S0x112	Panic(uint256)
0x606aS0x112	Panic(uint256)
0x609dS0x112	Panic(uint256)
0x60d0S0x112	Panic(uint256)
0x6103S0x112	Panic(uint256)
0x6136S0x112	Panic(uint256)
0xe40cS0x112	Error(string)
0x6169S0x112	Panic(uint256)
0xe434S0x112	Error(string)
0xe47fS0x112	Error(string)
0x6433S0x16c	Panic(uint256)
0x6466S0x16c	Panic(uint256)
0x6499S0x16c	Panic(uint256)
0x64ccS0x16c	Panic(uint256)
0x64ffS0x16c	Panic(uint256)
0x6532S0x16c	Panic(uint256)
0x6565S0x16c	Panic(uint256)
0x6598S0x16c	Panic(uint256)
0x65cbS0x16c	Panic(uint256)
0x65feS0x16c	Panic(uint256)
0x6631S0x16c	Panic(uint256)
0x6664S0x16c	Panic(uint256)
0xe569S0x16c	Error(string)
0x6697S0x16c	Panic(uint256)
0xe591S0x16c	Error(string)
0xe5b9S0x16c	Error(string)
0xe608S0x16c	Error(string)
