0x0
0xb53
0x54
0x1f4
0x225
0x244
0x258
0x26a
0x289
