0x0	nil
0xf	nil
0x4	nil
0x8	nil
0x3f	nil
0x2	nil
0x5	nil
0x7	nil
0xd	nil
0xe	nil
0x11	nil
0x13	nil
0x18	nil
0x19	nil
0x1e	nil
0x23	nil
0x24	nil
0x29	nil
0x2e	nil
0x34	nil
0x39	nil
0x44	nil
0x4a	nil
0x4f	nil
0x57	nil
0x5c	nil
0x62	nil
0x67	nil
0x6d	nil
0x72	nil
0x78	nil
0x7d	nil
0x85	nil
0x8a	nil
0x8b	nil
0x90	nil
0x95	nil
0x9b	nil
0xa0	nil
0xa6	nil
0xab	nil
0xb1	nil
0xb6	nil
0xbe	nil
0xc3	nil
0xc9	nil
0xce	nil
0xd4	nil
0xd9	nil
0xdf	nil
0xe4	nil
0xec	nil
0xee	nil
0xef	nil
0xf3	nil
0xf4	nil
0xf8	nil
0xfb	nil
0xfe	nil
0xff	nil
0x101	nil
0x106	nil
0x120	nil
0x122	nil
0x123	nil
0x127	nil
0x128	nil
0x12c	nil
0x12f	nil
0x132	nil
0x133	nil
0x135	nil
0x13a	nil
0x13f	nil
0x141	nil
0x164	nil
0x166	nil
0x167	nil
0x16b	nil
0x16c	nil
0x170	nil
0x173	nil
0x176	nil
0x177	nil
0x179	nil
0x17e	nil
0x183	nil
0x185	nil
0x186	nil
0x18a	nil
0x18b	nil
0x18f	nil
0x192	nil
0x195	nil
0x196	nil
0x198	nil
0x19d	nil
0x1b0	nil
0x1b2	nil
0x1b3	nil
0x1b7	nil
0x1b8	nil
0x1bc	nil
0x1bf	nil
0x1c2	nil
0x1c3	nil
0x1c5	nil
0x1ca	nil
0x1cf	nil
0x1d1	nil
0x1d2	nil
0x1d6	nil
0x1d7	nil
0x1db	nil
0x1de	nil
0x1e1	nil
0x1e2	nil
0x1e4	nil
0x1e9	nil
0x1ee	nil
0x1f0	nil
0x1f1	nil
0x1f5	nil
0x1f6	nil
0x1fa	nil
0x1fd	nil
0x200	nil
0x201	nil
0x203	nil
0x208	nil
0x20d	nil
0x20f	nil
0x210	nil
0x214	nil
0x215	nil
0x219	nil
0x21c	nil
0x21f	nil
0x220	nil
0x222	nil
0x227	nil
0x229	nil
0x22b	nil
0x22d	nil
0x22e	nil
0x22f	nil
0x230	nil
0x234	nil
0x255	nil
0x258	nil
0x25b	nil
0x25c	nil
0x25d	nil
0x25f	nil
0x263	nil
0x265	nil
0x266	nil
0x26a	nil
0x26b	nil
0x26f	nil
0x272	nil
0x277	nil
0x279	nil
0x27a	nil
0x285	nil
0x28a	nil
0x28c	nil
0x28d	nil
0x291	nil
0x292	nil
0x296	nil
0x299	nil
0x29c	nil
0x29d	nil
0x29f	nil
0x2a4	nil
0x2a9	nil
0x2ab	nil
0x2ac	nil
0x2b0	nil
0x2b1	nil
0x2b5	nil
0x2b7	nil
0x2b8	nil
0x2cf	nil
0x2d1	nil
0x2d2	nil
0x2d7	nil
0x2d9	nil
0x2da	nil
0x2de	nil
0x2df	nil
0x2e3	nil
0x2e6	nil
0x2e9	nil
0x2ea	nil
0x2ec	nil
0x2f1	nil
0x2f6	nil
0x2f8	nil
0x2f9	nil
0x2fd	nil
0x2fe	nil
0x302	nil
0x305	nil
0x308	nil
0x309	nil
0x30b	nil
0x310	nil
0x315	nil
0x317	nil
0x324	nil
0x326	nil
0x327	nil
0x32b	nil
0x32c	nil
0x330	nil
0x333	nil
0x336	nil
0x337	nil
0x339	nil
0x33e	nil
0x343	nil
0x346	nil
0x349	nil
0x34a	nil
0x34c	nil
0x351	nil
0x356	nil
0x358	nil
0x359	nil
0x35d	nil
0x35e	nil
0x362	nil
0x365	nil
0x368	nil
0x369	nil
0x36b	nil
0x370	nil
0x375	nil
0x377	nil
0x6f1	nil
0x6f3	nil
0x6f5	nil
0x6f7	nil
0x6f8	nil
0x6fa	nil
0x6fb	nil
0x6ff	nil
0x700	nil
0x701	nil
0x703	nil
0x706	nil
0x708	nil
0x709	nil
0x70b	nil
0x70d	nil
0x712	nil
0x716	nil
0x717	nil
0x718	nil
0x71a	nil
0x71c	nil
0x71e	nil
0x71f	nil
0x720	nil
0x724	nil
0x725	nil
0x72e	nil
0x72f	nil
0x730	nil
0x731	nil
0x736	nil
0x737	nil
0x738	nil
0x739	nil
0x73d	nil
0x73f	nil
0x740	nil
0x745	nil
0x747	nil
0x74a	nil
0x74c	nil
0x74d	nil
0x74f	nil
0x752	nil
0x756	nil
0x758	nil
0x75a	nil
0x75c	nil
0x75d	nil
0x75f	nil
0x760	nil
0x764	nil
0x785	nil
0x788	nil
0x78c	nil
0x78e	nil
0x78f	nil
0x791	nil
0x792	nil
0x795	nil
0x796	nil
0x7bd	nil
0x7be	nil
0x7bf	nil
0x7c0	nil
0x7c4	nil
0x7c6	nil
0x7c7	nil
0x7cc	nil
0x7ce	nil
0x7d1	nil
0x7d3	nil
0x7d4	nil
0x7d6	nil
0x7d9	nil
0x7dd	nil
0x7df	nil
0x7e1	nil
0x7e3	nil
0x7e4	nil
0x7e6	nil
0x7e7	nil
0x7eb	nil
0x80c	nil
0x80f	nil
0x813	nil
0x815	nil
0x816	nil
0x818	nil
0x819	nil
0x81a	nil
0x81c	nil
0x81f	nil
0x820	nil
0x847	nil
0x849	nil
0x84b	nil
0x84c	nil
0x84f	nil
0x853	nil
0x856	nil
0x859	nil
0x85c	nil
0x85f	nil
0x863	nil
0x874	nil
0x876	nil
0x877	nil
0x87b	nil
0x881	nil
0x884	nil
0x888	nil
0x88c	nil
0x892	nil
0x894	nil
0x897	nil
0x8a2	nil
0x8a5	nil
0x969	nil
0x96a	nil
0x96b	nil
0x96c	nil
0x970	nil
0x972	nil
0x973	nil
0x978	nil
0x97a	nil
0x97d	nil
0x97f	nil
0x980	nil
0x982	nil
0x985	nil
0x989	nil
0x98d	nil
0x98e	nil
0x992	nil
0x993	nil
0x994	nil
0x996	nil
0x999	nil
0x99b	nil
0x99c	nil
0x99e	nil
0x9a0	nil
0x9a6	nil
0x9a7	nil
0x9aa	nil
0x9ac	nil
0x9ae	nil
0x9b0	nil
0x9b1	nil
0x9b4	nil
0x9b7	nil
0x9b9	nil
0x9ba	nil
0x9be	nil
0x9c0	nil
0x9c1	nil
0x9c6	nil
0x9c8	nil
0x9cb	nil
0x9cd	nil
0x9ce	nil
0x9d0	nil
0x9d3	nil
0x9d9	nil
0x9da	nil
0x9dd	nil
0x9df	nil
0x9e1	nil
0x9e3	nil
0x9e4	nil
0x9e6	nil
0x9e7	nil
0x9e8	nil
0x9e9	nil
0x9ed	nil
0x9ef	nil
0x9f0	nil
0x9f5	nil
0x9f7	nil
0x9fa	nil
0x9fc	nil
0x9fd	nil
0x9ff	nil
0xa02	nil
0xa08	nil
0xa0a	nil
0xa0c	nil
0xa0e	nil
0xa0f	nil
0xa13	nil
0xa14	nil
0xa18	nil
0xa19	nil
0xa1a	nil
0xa1c	nil
0xa1f	nil
0xa21	nil
0xa22	nil
0xa24	nil
0xa26	nil
0xa29	nil
0xa2c	nil
0xa2e	nil
0xa2f	nil
0xa38	nil
0xa39	nil
0xa3a	nil
0xa3c	nil
0xa3e	nil
0xa40	nil
0xa41	nil
0xa44	nil
0xa48	nil
0xa4e	nil
0xa50	nil
0xa54	nil
0xa55	nil
0xa59	nil
0xa5a	nil
0xa5c	nil
0xa5e	nil
0xa5f	nil
0xa61	nil
0xa63	nil
0xa65	nil
0xa66	nil
0xa67	nil
0xa69	nil
0xa6a	nil
0xa6b	nil
0xa6d	nil
0xa72	nil
0xa74	nil
0xa76	nil
0xa78	nil
0xa79	nil
0xa7a	nil
0xa7c	nil
0xa7d	nil
0xa7e	nil
0xa80	nil
0xa81	nil
0xa86	nil
0xa8f	nil
0xa91	nil
0xa93	nil
0xa95	nil
0xa96	nil
0xa97	nil
0xa99	nil
0xa9a	nil
0xa9c	nil
0xa9e	nil
0xaa3	nil
0xaa5	nil
0xaa7	nil
0xaa9	nil
0xaaa	nil
0xaab	nil
0xaad	nil
0xaae	nil
0xab3	nil
0xab5	nil
0xab6	nil
0xab7	nil
0xab9	nil
0xaba	nil
0xabf	nil
0xac9	nil
0x147c	nil
0x147d	nil
0x1482	nil
0x1483	nil
0x1484	nil
0x1485	nil
0x1489	nil
0x148a	nil
0x1493	nil
0x1494	nil
0x1495	nil
0x1496	nil
0x149a	nil
0x149b	nil
0x149c	nil
0x149d	nil
0x14a1	nil
0x14a2	nil
0x14a6	nil
0x14a7	nil
0x14a9	nil
0x14ab	nil
0x14ad	nil
0x14ae	nil
0x14b0	nil
0x14b1	nil
0x14b2	nil
0x14b6	nil
0x14b7	nil
0x14ba	nil
0x14c0	nil
0x14c1	nil
0x14c7	nil
0x14ca	nil
0x14cb	nil
0x14ce	nil
0x14d2	nil
0x14d3	nil
0x15e1	nil
0x15e2	nil
0x15e3	nil
0x15e7	nil
0x15e8	nil
0x15e9	nil
0x15ea	nil
0x15ee	nil
0x15ef	nil
0x15f3	nil
0x15f4	nil
0x15f6	nil
0x15f8	nil
0x15fa	nil
0x15fb	nil
0x15fd	nil
0x15fe	nil
0x15ff	nil
0x1603	nil
0x1604	nil
0x1607	nil
0x160d	nil
0x160e	nil
0x1614	nil
0x1619	nil
0x161a	nil
0x6c60	nil
0x6c62	nil
0x6c63	nil
0x6c65	nil
0x6c67	nil
0x6c69	nil
0x6c6a	nil
0x6c6b	nil
0x6c6e	nil
0x6c71	nil
0x6c73	nil
0x6c74	nil
0x6c98	nil
0x6c9a	nil
0x6c9b	nil
0x6c9d	nil
0x6c9f	nil
0x6ca1	nil
0x6ca2	nil
0x6ca3	nil
0x6ca6	nil
0x6ca9	nil
0x6cab	nil
0x6cac	nil
0x6cd0	nil
0x6cd2	nil
0x6cd6	nil
0x6cd8	nil
0x6cd9	nil
0x6dae	nil
0x6db0	nil
0x6db1	nil
0x6db3	nil
0x6db5	nil
0x6db7	nil
0x6db8	nil
0x6db9	nil
0x6dbc	nil
0x6dbf	nil
0x6dc1	nil
0x6dc2	nil
0x6e07	nil
0x6e09	nil
0x6e0a	nil
0x6e0c	nil
0x6e0e	nil
0x6e10	nil
0x6e11	nil
0x6e12	nil
0x6e15	nil
0x6e18	nil
0x6e1a	nil
0x6e1b	nil
0x7119	nil
0x711b	nil
0x711d	nil
0x711f	nil
0x7121	nil
0x7123	nil
0x7125	nil
0x7127	nil
0x7129	nil
0x712b	nil
0x712d	nil
0x712f	nil
0x7131	nil
0x7133	nil
0x7135	nil
0x7137	nil
0x7139	nil
0x713c	nil
0x713f	nil
0x7142	nil
0x7145	nil
0x7148	nil
0x714b	nil
0x714e	nil
0x7151	nil
0x7154	nil
0x7157	nil
0x715a	nil
0x715d	nil
0x7160	nil
0x7163	nil
0x7166	nil
0x7169	nil
0x7178	nil
0x717d	nil
0x7182	nil
0x718f	nil
0x14c4	nil
0x1611	nil
0xa7f_0x0	nil
0xab8_0x0	nil
0x10a0x323_0x0	nil
0x11c0xeb	nil
0x11c0x11f	nil
0x11c0x163	nil
0x11c0x182	nil
0x11c0x20c	nil
0x11c0x262	nil
0x11c0x2a8	nil
0x11c0x2f5	nil
0x11c0x323	nil
0x11c0x355	nil
0x1190xeb	nil
0x1190x11f	nil
0x1190x163	nil
0x1190x182	nil
0x1190x20c	nil
0x1190x262	nil
0x1190x2a8	nil
0x1190x2f5	nil
0x1190x323	nil
0x1190x355	nil
0x1170xeb	nil
0x1170x11f	nil
0x1170x163	nil
0x1170x182	nil
0x1170x20c	nil
0x1170x262	nil
0x1170x2a8	nil
0x1170x2f5	nil
0x1170x323	nil
0x1170x355	nil
0x1150xeb	nil
0x1150x20c	nil
0x1150x323	nil
0x1130xeb	nil
0x1130x20c	nil
0x1130x323	nil
0x1100xeb	nil
0x1100x20c	nil
0x1100x323	nil
0x10f0xeb	nil
0x10f0x20c	nil
0x10f0x323	nil
0x10d0xeb	nil
0x10d0x20c	nil
0x10d0x323	nil
0x10b0xeb	nil
0x10b0x20c	nil
0x10b0x323	nil
0x382S0x105	[0x381, nil]
0x383S0x105	[0x381, nil]
0x385S0x105	[0x381, nil]
0x387S0x105	[0x381, nil]
0x389S0x105	[0x381, nil]
0x38aS0x105	[0x381, nil]
0x38bS0x105	[0x381, nil]
0x38dS0x105	[0x381, nil]
0x38eS0x105	[0x381, nil]
0x393S0x105	[0x381, nil]
0x395S0x105	[0x381, nil]
0x396S0x105	[0x381, nil]
0x398S0x105	[0x381, nil]
0x3b3S0x105	[0x381, nil]
0x3b1_0x0S0x105	[0x381, nil]
0x3cc_0x0S0x105	[0x381, nil]
0x39dS0x105	[0x381, nil]
0x39fS0x105	[0x381, nil]
0x3a1S0x105	[0x381, nil]
0x3a3S0x105	[0x381, nil]
0x3a4S0x105	[0x381, nil]
0x3a5S0x105	[0x381, nil]
0x3a7S0x105	[0x381, nil]
0x3a8S0x105	[0x381, nil]
0x3adS0x105	[0x381, nil]
0x3afS0x105	[0x381, nil]
0x3b0S0x105	[0x381, nil]
0x3b8S0x105	[0x381, nil]
0x3baS0x105	[0x381, nil]
0x3bcS0x105	[0x381, nil]
0x3beS0x105	[0x381, nil]
0x3bfS0x105	[0x381, nil]
0x3c0S0x105	[0x381, nil]
0x3c2S0x105	[0x381, nil]
0x3c3S0x105	[0x381, nil]
0x3c8S0x105	[0x381, nil]
0x3caS0x105	[0x381, nil]
0x3cbS0x105	[0x381, nil]
0x14e8S0x1ba	[0x14db, nil]
0x14e9S0x1ba	[0x14db, nil]
0x14feS0x1ba	[0x14db, nil]
0x14ffS0x1ba	[0x14db, nil]
0x14dcS0x1ba	[0x14db, nil]
0x14ddS0x1ba	[0x14db, nil]
0x14e1S0x1ba	[0x14db, nil]
0x14e2S0x1ba	[0x14db, nil]
0x14e3S0x1ba	[0x14db, nil]
0x14e4S0x1ba	[0x14db, nil]
0x14edS0x1ba	[0x14db, nil]
0x14eeS0x1ba	[0x14db, nil]
0x14f0S0x1ba	[0x14db, nil]
0x14f2S0x1ba	[0x14db, nil]
0x14f4S0x1ba	[0x14db, nil]
0x14f5S0x1ba	[0x14db, nil]
0x14f7S0x1ba	[0x14db, nil]
0x14f9S0x1ba	[0x14db, nil]
0x14faS0x1ba	[0x14db, nil]
0x162eS0x2e1	[0x1621, nil]
0x162fS0x2e1	[0x1621, nil]
0x1622S0x2e1	[0x1621, nil]
0x1623S0x2e1	[0x1621, nil]
0x1627S0x2e1	[0x1621, nil]
0x1628S0x2e1	[0x1621, nil]
0x1629S0x2e1	[0x1621, nil]
0x162aS0x2e1	[0x1621, nil]
0x1633S0x2e1	[0x1621, nil]
0x162eS0x32e	[0x1621, nil]
0x162fS0x32e	[0x1621, nil]
0x1622S0x32e	[0x1621, nil]
0x1623S0x32e	[0x1621, nil]
0x1627S0x32e	[0x1621, nil]
0x1628S0x32e	[0x1621, nil]
0x1629S0x32e	[0x1621, nil]
0x162aS0x32e	[0x1621, nil]
0x1633S0x32e	[0x1621, nil]
0x1361S0xf6	[0x1354, nil]
0x1362S0xf6	[0x1354, nil]
0x1355S0xf6	[0x1354, nil]
0x1356S0xf6	[0x1354, nil]
0x135aS0xf6	[0x1354, nil]
0x135bS0xf6	[0x1354, nil]
0x135cS0xf6	[0x1354, nil]
0x135dS0xf6	[0x1354, nil]
0x1366S0xf6	[0x1354, nil]
0x1367S0xf6	[0x1354, nil]
0x136bS0xf6	[0x1354, nil]
0x134eS0x1364S0xf6	[0x1354, [0x133c, nil]]
0x134fS0x1364S0xf6	[0x1354, [0x133c, nil]]
0x133dS0x1364S0xf6	[0x1354, [0x133c, nil]]
0x133fS0x1364S0xf6	[0x1354, [0x133c, nil]]
0x1341S0x1364S0xf6	[0x1354, [0x133c, nil]]
0x1343S0x1364S0xf6	[0x1354, [0x133c, nil]]
0x1344S0x1364S0xf6	[0x1354, [0x133c, nil]]
0x1345S0x1364S0xf6	[0x1354, [0x133c, nil]]
0x1347S0x1364S0xf6	[0x1354, [0x133c, nil]]
0x1349S0x1364S0xf6	[0x1354, [0x133c, nil]]
0x134aS0x1364S0xf6	[0x1354, [0x133c, nil]]
0x13d8S0x12a	[0x13c7, nil]
0x13d9S0x12a	[0x13c7, nil]
0x1414S0x12a	[0x13c7, nil]
0x1415S0x12a	[0x13c7, nil]
0x13c8S0x12a	[0x13c7, nil]
0x13c9S0x12a	[0x13c7, nil]
0x13caS0x12a	[0x13c7, nil]
0x13cbS0x12a	[0x13c7, nil]
0x13ccS0x12a	[0x13c7, nil]
0x13cdS0x12a	[0x13c7, nil]
0x13d1S0x12a	[0x13c7, nil]
0x13d2S0x12a	[0x13c7, nil]
0x13d3S0x12a	[0x13c7, nil]
0x13d4S0x12a	[0x13c7, nil]
0x13ddS0x12a	[0x13c7, nil]
0x13deS0x12a	[0x13c7, nil]
0x13e2S0x12a	[0x13c7, nil]
0x13e9S0x12a	[0x13c7, nil]
0x13ecS0x12a	[0x13c7, nil]
0x13edS0x12a	[0x13c7, nil]
0x13eeS0x12a	[0x13c7, nil]
0x13f2S0x12a	[0x13c7, nil]
0x13f9S0x12a	[0x13c7, nil]
0x13fcS0x12a	[0x13c7, nil]
0x13fdS0x12a	[0x13c7, nil]
0x1400S0x12a	[0x13c7, nil]
0x1403S0x12a	[0x13c7, nil]
0x1404S0x12a	[0x13c7, nil]
0x1405S0x12a	[0x13c7, nil]
0x1407S0x12a	[0x13c7, nil]
0x1409S0x12a	[0x13c7, nil]
0x140bS0x12a	[0x13c7, nil]
0x140cS0x12a	[0x13c7, nil]
0x140eS0x12a	[0x13c7, nil]
0x140fS0x12a	[0x13c7, nil]
0x1410S0x12a	[0x13c7, nil]
0x1418S0x12a	[0x13c7, nil]
0x141eS0x12a	[0x13c7, nil]
0x141fS0x12a	[0x13c7, nil]
0x1380S0x13dbS0x12a	[0x13c7, [0x136f, nil]]
0x1381S0x13dbS0x12a	[0x13c7, [0x136f, nil]]
0x1370S0x13dbS0x12a	[0x13c7, [0x136f, nil]]
0x1372S0x13dbS0x12a	[0x13c7, [0x136f, nil]]
0x1374S0x13dbS0x12a	[0x13c7, [0x136f, nil]]
0x1376S0x13dbS0x12a	[0x13c7, [0x136f, nil]]
0x1377S0x13dbS0x12a	[0x13c7, [0x136f, nil]]
0x1379S0x13dbS0x12a	[0x13c7, [0x136f, nil]]
0x137bS0x13dbS0x12a	[0x13c7, [0x136f, nil]]
0x137cS0x13dbS0x12a	[0x13c7, [0x136f, nil]]
0x1380S0x13e6S0x12a	[0x13c7, [0x136f, nil]]
0x1381S0x13e6S0x12a	[0x13c7, [0x136f, nil]]
0x1370S0x13e6S0x12a	[0x13c7, [0x136f, nil]]
0x1372S0x13e6S0x12a	[0x13c7, [0x136f, nil]]
0x1374S0x13e6S0x12a	[0x13c7, [0x136f, nil]]
0x1376S0x13e6S0x12a	[0x13c7, [0x136f, nil]]
0x1377S0x13e6S0x12a	[0x13c7, [0x136f, nil]]
0x1379S0x13e6S0x12a	[0x13c7, [0x136f, nil]]
0x137bS0x13e6S0x12a	[0x13c7, [0x136f, nil]]
0x137cS0x13e6S0x12a	[0x13c7, [0x136f, nil]]
0x1390S0x1417S0x12a	[0x13c7, [0x1383, nil]]
0x1391S0x1417S0x12a	[0x13c7, [0x1383, nil]]
0x13a6S0x1417S0x12a	[0x13c7, [0x1383, nil]]
0x13a7S0x1417S0x12a	[0x13c7, [0x1383, nil]]
0x13bdS0x1417S0x12a	[0x13c7, [0x1383, nil]]
0x13beS0x1417S0x12a	[0x13c7, [0x1383, nil]]
0x1396S0x1417S0x12a	[0x13c7, [0x1383, nil]]
0x1397S0x1417S0x12a	[0x13c7, [0x1383, nil]]
0x1399S0x1417S0x12a	[0x13c7, [0x1383, nil]]
0x139bS0x1417S0x12a	[0x13c7, [0x1383, nil]]
0x139dS0x1417S0x12a	[0x13c7, [0x1383, nil]]
0x139eS0x1417S0x12a	[0x13c7, [0x1383, nil]]
0x13a0S0x1417S0x12a	[0x13c7, [0x1383, nil]]
0x13a1S0x1417S0x12a	[0x13c7, [0x1383, nil]]
0x13a2S0x1417S0x12a	[0x13c7, [0x1383, nil]]
0x13aaS0x1417S0x12a	[0x13c7, [0x1383, nil]]
0x13adS0x1417S0x12a	[0x13c7, [0x1383, nil]]
0x13b1S0x1417S0x12a	[0x13c7, [0x1383, nil]]
0x13b5S0x1417S0x12a	[0x13c7, [0x1383, nil]]
0x13b6S0x1417S0x12a	[0x13c7, [0x1383, nil]]
0x13b7S0x1417S0x12a	[0x13c7, [0x1383, nil]]
0x13b8S0x1417S0x12a	[0x13c7, [0x1383, nil]]
0x13b9S0x1417S0x12a	[0x13c7, [0x1383, nil]]
0x1384S0x1417S0x12a	[0x13c7, [0x1383, nil]]
0x1385S0x1417S0x12a	[0x13c7, [0x1383, nil]]
0x1387S0x1417S0x12a	[0x13c7, [0x1383, nil]]
0x138aS0x1417S0x12a	[0x13c7, [0x1383, nil]]
0x138bS0x1417S0x12a	[0x13c7, [0x1383, nil]]
0x138cS0x1417S0x12a	[0x13c7, [0x1383, nil]]
0x1443S0x16e	[0x1434, nil]
0x1444S0x16e	[0x1434, nil]
0x145fS0x16e	[0x1434, nil]
0x1460S0x16e	[0x1434, nil]
0x1435S0x16e	[0x1434, nil]
0x1436S0x16e	[0x1434, nil]
0x1437S0x16e	[0x1434, nil]
0x1438S0x16e	[0x1434, nil]
0x143cS0x16e	[0x1434, nil]
0x143dS0x16e	[0x1434, nil]
0x143eS0x16e	[0x1434, nil]
0x143fS0x16e	[0x1434, nil]
0x1448S0x16e	[0x1434, nil]
0x144bS0x16e	[0x1434, nil]
0x144eS0x16e	[0x1434, nil]
0x144fS0x16e	[0x1434, nil]
0x1450S0x16e	[0x1434, nil]
0x1452S0x16e	[0x1434, nil]
0x1454S0x16e	[0x1434, nil]
0x1456S0x16e	[0x1434, nil]
0x1457S0x16e	[0x1434, nil]
0x1459S0x16e	[0x1434, nil]
0x145aS0x16e	[0x1434, nil]
0x145bS0x16e	[0x1434, nil]
0x1463S0x16e	[0x1434, nil]
0x1469S0x16e	[0x1434, nil]
0x146aS0x16e	[0x1434, nil]
0x1390S0x1462S0x16e	[0x1434, [0x1383, nil]]
0x1391S0x1462S0x16e	[0x1434, [0x1383, nil]]
0x13a6S0x1462S0x16e	[0x1434, [0x1383, nil]]
0x13a7S0x1462S0x16e	[0x1434, [0x1383, nil]]
0x13bdS0x1462S0x16e	[0x1434, [0x1383, nil]]
0x13beS0x1462S0x16e	[0x1434, [0x1383, nil]]
0x1396S0x1462S0x16e	[0x1434, [0x1383, nil]]
0x1397S0x1462S0x16e	[0x1434, [0x1383, nil]]
0x1399S0x1462S0x16e	[0x1434, [0x1383, nil]]
0x139bS0x1462S0x16e	[0x1434, [0x1383, nil]]
0x139dS0x1462S0x16e	[0x1434, [0x1383, nil]]
0x139eS0x1462S0x16e	[0x1434, [0x1383, nil]]
0x13a0S0x1462S0x16e	[0x1434, [0x1383, nil]]
0x13a1S0x1462S0x16e	[0x1434, [0x1383, nil]]
0x13a2S0x1462S0x16e	[0x1434, [0x1383, nil]]
0x13aaS0x1462S0x16e	[0x1434, [0x1383, nil]]
0x13adS0x1462S0x16e	[0x1434, [0x1383, nil]]
0x13b1S0x1462S0x16e	[0x1434, [0x1383, nil]]
0x13b5S0x1462S0x16e	[0x1434, [0x1383, nil]]
0x13b6S0x1462S0x16e	[0x1434, [0x1383, nil]]
0x13b7S0x1462S0x16e	[0x1434, [0x1383, nil]]
0x13b8S0x1462S0x16e	[0x1434, [0x1383, nil]]
0x13b9S0x1462S0x16e	[0x1434, [0x1383, nil]]
0x1384S0x1462S0x16e	[0x1434, [0x1383, nil]]
0x1385S0x1462S0x16e	[0x1434, [0x1383, nil]]
0x1387S0x1462S0x16e	[0x1434, [0x1383, nil]]
0x138aS0x1462S0x16e	[0x1434, [0x1383, nil]]
0x138bS0x1462S0x16e	[0x1434, [0x1383, nil]]
0x138cS0x1462S0x16e	[0x1434, [0x1383, nil]]
0x3ddS0x17d	[0x3d2, nil]
0x3e3S0x17d	[0x3d2, nil]
0x3ecS0x17d	[0x3d2, nil]
0x3eeS0x17d	[0x3d2, nil]
0x3f0S0x17d	[0x3d2, nil]
0x3f2S0x17d	[0x3d2, nil]
0x3f3S0x17d	[0x3d2, nil]
0x3f4S0x17d	[0x3d2, nil]
0x3f5S0x17d	[0x3d2, nil]
0x3d3S0x17d	[0x3d2, nil]
0x3d4S0x17d	[0x3d2, nil]
0x3d8S0x17d	[0x3d2, nil]
0x3d9S0x17d	[0x3d2, nil]
0x40aS0x17d	[0x3d2, nil]
0x40bS0x17d	[0x3d2, nil]
0x40cS0x17d	[0x3d2, nil]
0x40dS0x17d	[0x3d2, nil]
0x412S0x17d	[0x3d2, nil]
0x3e8S0x17d	[0x3d2, nil]
0x3faS0x17d	[0x3d2, nil]
0x3ffS0x17d	[0x3d2, nil]
0x401S0x17d	[0x3d2, nil]
0x405S0x17d	[0x3d2, nil]
0x6e3e_0x0S0x17d	[0x3d2, nil]
0x41dS0x17d	[0x3d2, nil]
0x420S0x17d	[0x3d2, nil]
0x421S0x17d	[0x3d2, nil]
0x422S0x17d	[0x3d2, nil]
0x424S0x17d	[0x3d2, nil]
0x427S0x17d	[0x3d2, nil]
0x429S0x17d	[0x3d2, nil]
0x42aS0x17d	[0x3d2, nil]
0x42cS0x17d	[0x3d2, nil]
0x716eS0x17d	[0x3d2, nil]
0xb1bS0x3ddS0x17d	[0x3d2, [0xae3, nil]]
0xb1dS0x3ddS0x17d	[0x3d2, [0xae3, nil]]
0xb1eS0x3ddS0x17d	[0x3d2, [0xae3, nil]]
0xb23S0x3ddS0x17d	[0x3d2, [0xae3, nil]]
0xb25S0x3ddS0x17d	[0x3d2, [0xae3, nil]]
0xb28S0x3ddS0x17d	[0x3d2, [0xae3, nil]]
0xb2aS0x3ddS0x17d	[0x3d2, [0xae3, nil]]
0xb2bS0x3ddS0x17d	[0x3d2, [0xae3, nil]]
0xb2dS0x3ddS0x17d	[0x3d2, [0xae3, nil]]
0xb30S0x3ddS0x17d	[0x3d2, [0xae3, nil]]
0xb7dS0x3ddS0x17d	[0x3d2, [0xae3, nil]]
0xb7eS0x3ddS0x17d	[0x3d2, [0xae3, nil]]
0xb7fS0x3ddS0x17d	[0x3d2, [0xae3, nil]]
0xb81S0x3ddS0x17d	[0x3d2, [0xae3, nil]]
0xb82S0x3ddS0x17d	[0x3d2, [0xae3, nil]]
0xba0S0x3ddS0x17d	[0x3d2, [0xae3, nil]]
0xba2S0x3ddS0x17d	[0x3d2, [0xae3, nil]]
0xba3S0x3ddS0x17d	[0x3d2, [0xae3, nil]]
0xba8S0x3ddS0x17d	[0x3d2, [0xae3, nil]]
0xbaaS0x3ddS0x17d	[0x3d2, [0xae3, nil]]
0xbadS0x3ddS0x17d	[0x3d2, [0xae3, nil]]
0xbafS0x3ddS0x17d	[0x3d2, [0xae3, nil]]
0xbb0S0x3ddS0x17d	[0x3d2, [0xae3, nil]]
0xbb2S0x3ddS0x17d	[0x3d2, [0xae3, nil]]
0xbb5S0x3ddS0x17d	[0x3d2, [0xae3, nil]]
0xae4S0x3ddS0x17d	[0x3d2, [0xae3, nil]]
0xae6S0x3ddS0x17d	[0x3d2, [0xae3, nil]]
0xae7S0x3ddS0x17d	[0x3d2, [0xae3, nil]]
0xaeaS0x3ddS0x17d	[0x3d2, [0xae3, nil]]
0xaebS0x3ddS0x17d	[0x3d2, [0xae3, nil]]
0xaecS0x3ddS0x17d	[0x3d2, [0xae3, nil]]
0xaefS0x3ddS0x17d	[0x3d2, [0xae3, nil]]
0xaf0S0x3ddS0x17d	[0x3d2, [0xae3, nil]]
0xaf2S0x3ddS0x17d	[0x3d2, [0xae3, nil]]
0xaf3S0x3ddS0x17d	[0x3d2, [0xae3, nil]]
0xb15S0x3ddS0x17d	[0x3d2, [0xae3, nil]]
0xb16S0x3ddS0x17d	[0x3d2, [0xae3, nil]]
0xb17S0x3ddS0x17d	[0x3d2, [0xae3, nil]]
0xb34S0x3ddS0x17d	[0x3d2, [0xae3, nil]]
0xb37S0x3ddS0x17d	[0x3d2, [0xae3, nil]]
0xb38S0x3ddS0x17d	[0x3d2, [0xae3, nil]]
0xb3cS0x3ddS0x17d	[0x3d2, [0xae3, nil]]
0xb3fS0x3ddS0x17d	[0x3d2, [0xae3, nil]]
0xb46S0x3ddS0x17d	[0x3d2, [0xae3, nil]]
0xb49S0x3ddS0x17d	[0x3d2, [0xae3, nil]]
0xb4cS0x3ddS0x17d	[0x3d2, [0xae3, nil]]
0xb51S0x3ddS0x17d	[0x3d2, [0xae3, nil]]
0xb54S0x3ddS0x17d	[0x3d2, [0xae3, nil]]
0xb58S0x3ddS0x17d	[0x3d2, [0xae3, nil]]
0xb5bS0x3ddS0x17d	[0x3d2, [0xae3, nil]]
0xb5fS0x3ddS0x17d	[0x3d2, [0xae3, nil]]
0xb62S0x3ddS0x17d	[0x3d2, [0xae3, nil]]
0xb64S0x3ddS0x17d	[0x3d2, [0xae3, nil]]
0xb65S0x3ddS0x17d	[0x3d2, [0xae3, nil]]
0xb67S0x3ddS0x17d	[0x3d2, [0xae3, nil]]
0xb69S0x3ddS0x17d	[0x3d2, [0xae3, nil]]
0xb6aS0x3ddS0x17d	[0x3d2, [0xae3, nil]]
0xb6dS0x3ddS0x17d	[0x3d2, [0xae3, nil]]
0xb71S0x3ddS0x17d	[0x3d2, [0xae3, nil]]
0xb74S0x3ddS0x17d	[0x3d2, [0xae3, nil]]
0xb75S0x3ddS0x17d	[0x3d2, [0xae3, nil]]
0xb76S0x3ddS0x17d	[0x3d2, [0xae3, nil]]
0xb78S0x3ddS0x17d	[0x3d2, [0xae3, nil]]
0xb79S0x3ddS0x17d	[0x3d2, [0xae3, nil]]
0xb87S0x3ddS0x17d	[0x3d2, [0xae3, nil]]
0xb89S0x3ddS0x17d	[0x3d2, [0xae3, nil]]
0xb8aS0x3ddS0x17d	[0x3d2, [0xae3, nil]]
0xb8cS0x3ddS0x17d	[0x3d2, [0xae3, nil]]
0xb8dS0x3ddS0x17d	[0x3d2, [0xae3, nil]]
0xb8eS0x3ddS0x17d	[0x3d2, [0xae3, nil]]
0xb92S0x3ddS0x17d	[0x3d2, [0xae3, nil]]
0xb94S0x3ddS0x17d	[0x3d2, [0xae3, nil]]
0xb96S0x3ddS0x17d	[0x3d2, [0xae3, nil]]
0xb98S0x3ddS0x17d	[0x3d2, [0xae3, nil]]
0xb99S0x3ddS0x17d	[0x3d2, [0xae3, nil]]
0xb9bS0x3ddS0x17d	[0x3d2, [0xae3, nil]]
0xb9cS0x3ddS0x17d	[0x3d2, [0xae3, nil]]
0xbb9S0x3ddS0x17d	[0x3d2, [0xae3, nil]]
0xbbbS0x3ddS0x17d	[0x3d2, [0xae3, nil]]
0xbbdS0x3ddS0x17d	[0x3d2, [0xae3, nil]]
0xbbfS0x3ddS0x17d	[0x3d2, [0xae3, nil]]
0xbc0S0x3ddS0x17d	[0x3d2, [0xae3, nil]]
0xbc1S0x3ddS0x17d	[0x3d2, [0xae3, nil]]
0xbc2S0x3ddS0x17d	[0x3d2, [0xae3, nil]]
0xbc3S0x3ddS0x17d	[0x3d2, [0xae3, nil]]
0xbd1S0x409S0x17d	[0x3d2, [0xbcf, nil]]
0xbd2S0x409S0x17d	[0x3d2, [0xbcf, nil]]
0xbd4S0x409S0x17d	[0x3d2, [0xbcf, nil]]
0xbd6S0x409S0x17d	[0x3d2, [0xbcf, nil]]
0xbdaS0x409S0x17d	[0x3d2, [0xbcf, nil]]
0xbdcS0x409S0x17d	[0x3d2, [0xbcf, nil]]
0xbdeS0x409S0x17d	[0x3d2, [0xbcf, nil]]
0xbe1S0x409S0x17d	[0x3d2, [0xbcf, nil]]
0x505S0x19c	[0x4e8, nil]
0x507S0x19c	[0x4e8, nil]
0x508S0x19c	[0x4e8, nil]
0x50dS0x19c	[0x4e8, nil]
0x50fS0x19c	[0x4e8, nil]
0x512S0x19c	[0x4e8, nil]
0x514S0x19c	[0x4e8, nil]
0x515S0x19c	[0x4e8, nil]
0x517S0x19c	[0x4e8, nil]
0x51aS0x19c	[0x4e8, nil]
0x524S0x19c	[0x4e8, nil]
0x526S0x19c	[0x4e8, nil]
0x527S0x19c	[0x4e8, nil]
0x529S0x19c	[0x4e8, nil]
0x533S0x19c	[0x4e8, nil]
0x534S0x19c	[0x4e8, nil]
0x539S0x19c	[0x4e8, nil]
0x53bS0x19c	[0x4e8, nil]
0x53dS0x19c	[0x4e8, nil]
0x53eS0x19c	[0x4e8, nil]
0x542S0x19c	[0x4e8, nil]
0x544S0x19c	[0x4e8, nil]
0x547S0x19c	[0x4e8, nil]
0x549S0x19c	[0x4e8, nil]
0x54aS0x19c	[0x4e8, nil]
0x54cS0x19c	[0x4e8, nil]
0x54dS0x19c	[0x4e8, nil]
0x54eS0x19c	[0x4e8, nil]
0x550S0x19c	[0x4e8, nil]
0x551S0x19c	[0x4e8, nil]
0x554S0x19c	[0x4e8, nil]
0x557S0x19c	[0x4e8, nil]
0x558S0x19c	[0x4e8, nil]
0x559S0x19c	[0x4e8, nil]
0x55cS0x19c	[0x4e8, nil]
0x55eS0x19c	[0x4e8, nil]
0x584S0x19c	[0x4e8, nil]
0x588S0x19c	[0x4e8, nil]
0x58bS0x19c	[0x4e8, nil]
0x58fS0x19c	[0x4e8, nil]
0x591S0x19c	[0x4e8, nil]
0x59fS0x19c	[0x4e8, nil]
0x5a1S0x19c	[0x4e8, nil]
0x4e9S0x19c	[0x4e8, nil]
0x4eaS0x19c	[0x4e8, nil]
0x4ebS0x19c	[0x4e8, nil]
0x500S0x19c	[0x4e8, nil]
0x501S0x19c	[0x4e8, nil]
0x51fS0x19c	[0x4e8, nil]
0x520S0x19c	[0x4e8, nil]
0x56dS0x19c	[0x4e8, nil]
0x570S0x19c	[0x4e8, nil]
0x574S0x19c	[0x4e8, nil]
0x576S0x19c	[0x4e8, nil]
0x563S0x19c	[0x4e8, nil]
0x57dS0x19c	[0x4e8, nil]
0x57fS0x19c	[0x4e8, nil]
0x580S0x19c	[0x4e8, nil]
0x5b2S0x19c	[0x4e8, nil]
0x5b3S0x19c	[0x4e8, nil]
0x5b5S0x19c	[0x4e8, nil]
0x5b8S0x19c	[0x4e8, nil]
0x5bbS0x19c	[0x4e8, nil]
0x5bfS0x19c	[0x4e8, nil]
0x5c1S0x19c	[0x4e8, nil]
0x59bS0x19c	[0x4e8, nil]
0x596S0x19c	[0x4e8, nil]
0x5a6S0x19c	[0x4e8, nil]
0x5a8S0x19c	[0x4e8, nil]
0x5aaS0x19c	[0x4e8, nil]
0x5adS0x19c	[0x4e8, nil]
0x5a7_0x0S0x19c	[0x4e8, nil]
0x5d1S0x19c	[0x4e8, nil]
0x5d4S0x19c	[0x4e8, nil]
0x5d5S0x19c	[0x4e8, nil]
0x5d6S0x19c	[0x4e8, nil]
0x5d8S0x19c	[0x4e8, nil]
0x5dbS0x19c	[0x4e8, nil]
0x5ddS0x19c	[0x4e8, nil]
0x5deS0x19c	[0x4e8, nil]
0x5e0S0x19c	[0x4e8, nil]
0x7173S0x19c	[0x4e8, nil]
0x5c6S0x19c	[0x4e8, nil]
0x1825S0x584S0x19c	[0x4e8, [0x1813, nil]]
0x1826S0x584S0x19c	[0x4e8, [0x1813, nil]]
0x183eS0x584S0x19c	[0x4e8, [0x1813, nil]]
0x183fS0x584S0x19c	[0x4e8, [0x1813, nil]]
0x1852S0x584S0x19c	[0x4e8, [0x1813, nil]]
0x1853S0x584S0x19c	[0x4e8, [0x1813, nil]]
0x1814S0x584S0x19c	[0x4e8, [0x1813, nil]]
0x1815S0x584S0x19c	[0x4e8, [0x1813, nil]]
0x1817S0x584S0x19c	[0x4e8, [0x1813, nil]]
0x1818S0x584S0x19c	[0x4e8, [0x1813, nil]]
0x181aS0x584S0x19c	[0x4e8, [0x1813, nil]]
0x181cS0x584S0x19c	[0x4e8, [0x1813, nil]]
0x181dS0x584S0x19c	[0x4e8, [0x1813, nil]]
0x181eS0x584S0x19c	[0x4e8, [0x1813, nil]]
0x1820S0x584S0x19c	[0x4e8, [0x1813, nil]]
0x1821S0x584S0x19c	[0x4e8, [0x1813, nil]]
0x182aS0x584S0x19c	[0x4e8, [0x1813, nil]]
0x182cS0x584S0x19c	[0x4e8, [0x1813, nil]]
0x182fS0x584S0x19c	[0x4e8, [0x1813, nil]]
0x1831S0x584S0x19c	[0x4e8, [0x1813, nil]]
0x1833S0x584S0x19c	[0x4e8, [0x1813, nil]]
0x1835S0x584S0x19c	[0x4e8, [0x1813, nil]]
0x1836S0x584S0x19c	[0x4e8, [0x1813, nil]]
0x1838S0x584S0x19c	[0x4e8, [0x1813, nil]]
0x1839S0x584S0x19c	[0x4e8, [0x1813, nil]]
0x183aS0x584S0x19c	[0x4e8, [0x1813, nil]]
0x1842S0x584S0x19c	[0x4e8, [0x1813, nil]]
0x1844S0x584S0x19c	[0x4e8, [0x1813, nil]]
0x1847S0x584S0x19c	[0x4e8, [0x1813, nil]]
0x184aS0x584S0x19c	[0x4e8, [0x1813, nil]]
0x184cS0x584S0x19c	[0x4e8, [0x1813, nil]]
0x184dS0x584S0x19c	[0x4e8, [0x1813, nil]]
0x184eS0x584S0x19c	[0x4e8, [0x1813, nil]]
0x1825S0x56cS0x19c	[0x4e8, [0x1813, nil]]
0x1826S0x56cS0x19c	[0x4e8, [0x1813, nil]]
0x183eS0x56cS0x19c	[0x4e8, [0x1813, nil]]
0x183fS0x56cS0x19c	[0x4e8, [0x1813, nil]]
0x1852S0x56cS0x19c	[0x4e8, [0x1813, nil]]
0x1853S0x56cS0x19c	[0x4e8, [0x1813, nil]]
0x1814S0x56cS0x19c	[0x4e8, [0x1813, nil]]
0x1815S0x56cS0x19c	[0x4e8, [0x1813, nil]]
0x1817S0x56cS0x19c	[0x4e8, [0x1813, nil]]
0x1818S0x56cS0x19c	[0x4e8, [0x1813, nil]]
0x181aS0x56cS0x19c	[0x4e8, [0x1813, nil]]
0x181cS0x56cS0x19c	[0x4e8, [0x1813, nil]]
0x181dS0x56cS0x19c	[0x4e8, [0x1813, nil]]
0x181eS0x56cS0x19c	[0x4e8, [0x1813, nil]]
0x1820S0x56cS0x19c	[0x4e8, [0x1813, nil]]
0x1821S0x56cS0x19c	[0x4e8, [0x1813, nil]]
0x182aS0x56cS0x19c	[0x4e8, [0x1813, nil]]
0x182cS0x56cS0x19c	[0x4e8, [0x1813, nil]]
0x182fS0x56cS0x19c	[0x4e8, [0x1813, nil]]
0x1831S0x56cS0x19c	[0x4e8, [0x1813, nil]]
0x1833S0x56cS0x19c	[0x4e8, [0x1813, nil]]
0x1835S0x56cS0x19c	[0x4e8, [0x1813, nil]]
0x1836S0x56cS0x19c	[0x4e8, [0x1813, nil]]
0x1838S0x56cS0x19c	[0x4e8, [0x1813, nil]]
0x1839S0x56cS0x19c	[0x4e8, [0x1813, nil]]
0x183aS0x56cS0x19c	[0x4e8, [0x1813, nil]]
0x1842S0x56cS0x19c	[0x4e8, [0x1813, nil]]
0x1844S0x56cS0x19c	[0x4e8, [0x1813, nil]]
0x1847S0x56cS0x19c	[0x4e8, [0x1813, nil]]
0x184aS0x56cS0x19c	[0x4e8, [0x1813, nil]]
0x184cS0x56cS0x19c	[0x4e8, [0x1813, nil]]
0x184dS0x56cS0x19c	[0x4e8, [0x1813, nil]]
0x184eS0x56cS0x19c	[0x4e8, [0x1813, nil]]
0x1825S0x5b1S0x19c	[0x4e8, [0x1813, nil]]
0x1826S0x5b1S0x19c	[0x4e8, [0x1813, nil]]
0x183eS0x5b1S0x19c	[0x4e8, [0x1813, nil]]
0x183fS0x5b1S0x19c	[0x4e8, [0x1813, nil]]
0x1852S0x5b1S0x19c	[0x4e8, [0x1813, nil]]
0x1853S0x5b1S0x19c	[0x4e8, [0x1813, nil]]
0x1814S0x5b1S0x19c	[0x4e8, [0x1813, nil]]
0x1815S0x5b1S0x19c	[0x4e8, [0x1813, nil]]
0x1817S0x5b1S0x19c	[0x4e8, [0x1813, nil]]
0x1818S0x5b1S0x19c	[0x4e8, [0x1813, nil]]
0x181aS0x5b1S0x19c	[0x4e8, [0x1813, nil]]
0x181cS0x5b1S0x19c	[0x4e8, [0x1813, nil]]
0x181dS0x5b1S0x19c	[0x4e8, [0x1813, nil]]
0x181eS0x5b1S0x19c	[0x4e8, [0x1813, nil]]
0x1820S0x5b1S0x19c	[0x4e8, [0x1813, nil]]
0x1821S0x5b1S0x19c	[0x4e8, [0x1813, nil]]
0x182aS0x5b1S0x19c	[0x4e8, [0x1813, nil]]
0x182cS0x5b1S0x19c	[0x4e8, [0x1813, nil]]
0x182fS0x5b1S0x19c	[0x4e8, [0x1813, nil]]
0x1831S0x5b1S0x19c	[0x4e8, [0x1813, nil]]
0x1833S0x5b1S0x19c	[0x4e8, [0x1813, nil]]
0x1835S0x5b1S0x19c	[0x4e8, [0x1813, nil]]
0x1836S0x5b1S0x19c	[0x4e8, [0x1813, nil]]
0x1838S0x5b1S0x19c	[0x4e8, [0x1813, nil]]
0x1839S0x5b1S0x19c	[0x4e8, [0x1813, nil]]
0x183aS0x5b1S0x19c	[0x4e8, [0x1813, nil]]
0x1842S0x5b1S0x19c	[0x4e8, [0x1813, nil]]
0x1844S0x5b1S0x19c	[0x4e8, [0x1813, nil]]
0x1847S0x5b1S0x19c	[0x4e8, [0x1813, nil]]
0x184aS0x5b1S0x19c	[0x4e8, [0x1813, nil]]
0x184cS0x5b1S0x19c	[0x4e8, [0x1813, nil]]
0x184dS0x5b1S0x19c	[0x4e8, [0x1813, nil]]
0x184eS0x5b1S0x19c	[0x4e8, [0x1813, nil]]
0xb1bS0x595S0x19c	[0x4e8, [0xae3, nil]]
0xb1dS0x595S0x19c	[0x4e8, [0xae3, nil]]
0xb1eS0x595S0x19c	[0x4e8, [0xae3, nil]]
0xb23S0x595S0x19c	[0x4e8, [0xae3, nil]]
0xb25S0x595S0x19c	[0x4e8, [0xae3, nil]]
0xb28S0x595S0x19c	[0x4e8, [0xae3, nil]]
0xb2aS0x595S0x19c	[0x4e8, [0xae3, nil]]
0xb2bS0x595S0x19c	[0x4e8, [0xae3, nil]]
0xb2dS0x595S0x19c	[0x4e8, [0xae3, nil]]
0xb30S0x595S0x19c	[0x4e8, [0xae3, nil]]
0xb7dS0x595S0x19c	[0x4e8, [0xae3, nil]]
0xb7eS0x595S0x19c	[0x4e8, [0xae3, nil]]
0xb7fS0x595S0x19c	[0x4e8, [0xae3, nil]]
0xb81S0x595S0x19c	[0x4e8, [0xae3, nil]]
0xb82S0x595S0x19c	[0x4e8, [0xae3, nil]]
0xba0S0x595S0x19c	[0x4e8, [0xae3, nil]]
0xba2S0x595S0x19c	[0x4e8, [0xae3, nil]]
0xba3S0x595S0x19c	[0x4e8, [0xae3, nil]]
0xba8S0x595S0x19c	[0x4e8, [0xae3, nil]]
0xbaaS0x595S0x19c	[0x4e8, [0xae3, nil]]
0xbadS0x595S0x19c	[0x4e8, [0xae3, nil]]
0xbafS0x595S0x19c	[0x4e8, [0xae3, nil]]
0xbb0S0x595S0x19c	[0x4e8, [0xae3, nil]]
0xbb2S0x595S0x19c	[0x4e8, [0xae3, nil]]
0xbb5S0x595S0x19c	[0x4e8, [0xae3, nil]]
0xae4S0x595S0x19c	[0x4e8, [0xae3, nil]]
0xae6S0x595S0x19c	[0x4e8, [0xae3, nil]]
0xae7S0x595S0x19c	[0x4e8, [0xae3, nil]]
0xaeaS0x595S0x19c	[0x4e8, [0xae3, nil]]
0xaebS0x595S0x19c	[0x4e8, [0xae3, nil]]
0xaecS0x595S0x19c	[0x4e8, [0xae3, nil]]
0xaefS0x595S0x19c	[0x4e8, [0xae3, nil]]
0xaf0S0x595S0x19c	[0x4e8, [0xae3, nil]]
0xaf2S0x595S0x19c	[0x4e8, [0xae3, nil]]
0xaf3S0x595S0x19c	[0x4e8, [0xae3, nil]]
0xb15S0x595S0x19c	[0x4e8, [0xae3, nil]]
0xb16S0x595S0x19c	[0x4e8, [0xae3, nil]]
0xb17S0x595S0x19c	[0x4e8, [0xae3, nil]]
0xb34S0x595S0x19c	[0x4e8, [0xae3, nil]]
0xb37S0x595S0x19c	[0x4e8, [0xae3, nil]]
0xb38S0x595S0x19c	[0x4e8, [0xae3, nil]]
0xb3cS0x595S0x19c	[0x4e8, [0xae3, nil]]
0xb3fS0x595S0x19c	[0x4e8, [0xae3, nil]]
0xb46S0x595S0x19c	[0x4e8, [0xae3, nil]]
0xb49S0x595S0x19c	[0x4e8, [0xae3, nil]]
0xb4cS0x595S0x19c	[0x4e8, [0xae3, nil]]
0xb51S0x595S0x19c	[0x4e8, [0xae3, nil]]
0xb54S0x595S0x19c	[0x4e8, [0xae3, nil]]
0xb58S0x595S0x19c	[0x4e8, [0xae3, nil]]
0xb5bS0x595S0x19c	[0x4e8, [0xae3, nil]]
0xb5fS0x595S0x19c	[0x4e8, [0xae3, nil]]
0xb62S0x595S0x19c	[0x4e8, [0xae3, nil]]
0xb64S0x595S0x19c	[0x4e8, [0xae3, nil]]
0xb65S0x595S0x19c	[0x4e8, [0xae3, nil]]
0xb67S0x595S0x19c	[0x4e8, [0xae3, nil]]
0xb69S0x595S0x19c	[0x4e8, [0xae3, nil]]
0xb6aS0x595S0x19c	[0x4e8, [0xae3, nil]]
0xb6dS0x595S0x19c	[0x4e8, [0xae3, nil]]
0xb71S0x595S0x19c	[0x4e8, [0xae3, nil]]
0xb74S0x595S0x19c	[0x4e8, [0xae3, nil]]
0xb75S0x595S0x19c	[0x4e8, [0xae3, nil]]
0xb76S0x595S0x19c	[0x4e8, [0xae3, nil]]
0xb78S0x595S0x19c	[0x4e8, [0xae3, nil]]
0xb79S0x595S0x19c	[0x4e8, [0xae3, nil]]
0xb87S0x595S0x19c	[0x4e8, [0xae3, nil]]
0xb89S0x595S0x19c	[0x4e8, [0xae3, nil]]
0xb8aS0x595S0x19c	[0x4e8, [0xae3, nil]]
0xb8cS0x595S0x19c	[0x4e8, [0xae3, nil]]
0xb8dS0x595S0x19c	[0x4e8, [0xae3, nil]]
0xb8eS0x595S0x19c	[0x4e8, [0xae3, nil]]
0xb92S0x595S0x19c	[0x4e8, [0xae3, nil]]
0xb94S0x595S0x19c	[0x4e8, [0xae3, nil]]
0xb96S0x595S0x19c	[0x4e8, [0xae3, nil]]
0xb98S0x595S0x19c	[0x4e8, [0xae3, nil]]
0xb99S0x595S0x19c	[0x4e8, [0xae3, nil]]
0xb9bS0x595S0x19c	[0x4e8, [0xae3, nil]]
0xb9cS0x595S0x19c	[0x4e8, [0xae3, nil]]
0xbb9S0x595S0x19c	[0x4e8, [0xae3, nil]]
0xbbbS0x595S0x19c	[0x4e8, [0xae3, nil]]
0xbbdS0x595S0x19c	[0x4e8, [0xae3, nil]]
0xbbfS0x595S0x19c	[0x4e8, [0xae3, nil]]
0xbc0S0x595S0x19c	[0x4e8, [0xae3, nil]]
0xbc1S0x595S0x19c	[0x4e8, [0xae3, nil]]
0xbc2S0x595S0x19c	[0x4e8, [0xae3, nil]]
0xbc3S0x595S0x19c	[0x4e8, [0xae3, nil]]
0xbd1S0x5c5S0x19c	[0x4e8, [0xbcf, nil]]
0xbd2S0x5c5S0x19c	[0x4e8, [0xbcf, nil]]
0xbd4S0x5c5S0x19c	[0x4e8, [0xbcf, nil]]
0xbd6S0x5c5S0x19c	[0x4e8, [0xbcf, nil]]
0xbdaS0x5c5S0x19c	[0x4e8, [0xbcf, nil]]
0xbdcS0x5c5S0x19c	[0x4e8, [0xbcf, nil]]
0xbdeS0x5c5S0x19c	[0x4e8, [0xbcf, nil]]
0xbe1S0x5c5S0x19c	[0x4e8, [0xbcf, nil]]
0x150eS0x1d9	[0x1501, nil]
0x150fS0x1d9	[0x1501, nil]
0x1502S0x1d9	[0x1501, nil]
0x1503S0x1d9	[0x1501, nil]
0x1507S0x1d9	[0x1501, nil]
0x1508S0x1d9	[0x1501, nil]
0x1509S0x1d9	[0x1501, nil]
0x150aS0x1d9	[0x1501, nil]
0x1513S0x1d9	[0x1501, nil]
0x1514S0x1d9	[0x1501, nil]
0x1518S0x1d9	[0x1501, nil]
0x1380S0x1511S0x1d9	[0x1501, [0x136f, nil]]
0x1381S0x1511S0x1d9	[0x1501, [0x136f, nil]]
0x1370S0x1511S0x1d9	[0x1501, [0x136f, nil]]
0x1372S0x1511S0x1d9	[0x1501, [0x136f, nil]]
0x1374S0x1511S0x1d9	[0x1501, [0x136f, nil]]
0x1376S0x1511S0x1d9	[0x1501, [0x136f, nil]]
0x1377S0x1511S0x1d9	[0x1501, [0x136f, nil]]
0x1379S0x1511S0x1d9	[0x1501, [0x136f, nil]]
0x137bS0x1511S0x1d9	[0x1501, [0x136f, nil]]
0x137cS0x1511S0x1d9	[0x1501, [0x136f, nil]]
0x150eS0x1f8	[0x1501, nil]
0x150fS0x1f8	[0x1501, nil]
0x1502S0x1f8	[0x1501, nil]
0x1503S0x1f8	[0x1501, nil]
0x1507S0x1f8	[0x1501, nil]
0x1508S0x1f8	[0x1501, nil]
0x1509S0x1f8	[0x1501, nil]
0x150aS0x1f8	[0x1501, nil]
0x1513S0x1f8	[0x1501, nil]
0x1514S0x1f8	[0x1501, nil]
0x1518S0x1f8	[0x1501, nil]
0x1380S0x1511S0x1f8	[0x1501, [0x136f, nil]]
0x1381S0x1511S0x1f8	[0x1501, [0x136f, nil]]
0x1370S0x1511S0x1f8	[0x1501, [0x136f, nil]]
0x1372S0x1511S0x1f8	[0x1501, [0x136f, nil]]
0x1374S0x1511S0x1f8	[0x1501, [0x136f, nil]]
0x1376S0x1511S0x1f8	[0x1501, [0x136f, nil]]
0x1377S0x1511S0x1f8	[0x1501, [0x136f, nil]]
0x1379S0x1511S0x1f8	[0x1501, [0x136f, nil]]
0x137bS0x1511S0x1f8	[0x1501, [0x136f, nil]]
0x137cS0x1511S0x1f8	[0x1501, [0x136f, nil]]
0x150eS0x217	[0x1501, nil]
0x150fS0x217	[0x1501, nil]
0x1502S0x217	[0x1501, nil]
0x1503S0x217	[0x1501, nil]
0x1507S0x217	[0x1501, nil]
0x1508S0x217	[0x1501, nil]
0x1509S0x217	[0x1501, nil]
0x150aS0x217	[0x1501, nil]
0x1513S0x217	[0x1501, nil]
0x1514S0x217	[0x1501, nil]
0x1518S0x217	[0x1501, nil]
0x1380S0x1511S0x217	[0x1501, [0x136f, nil]]
0x1381S0x1511S0x217	[0x1501, [0x136f, nil]]
0x1370S0x1511S0x217	[0x1501, [0x136f, nil]]
0x1372S0x1511S0x217	[0x1501, [0x136f, nil]]
0x1374S0x1511S0x217	[0x1501, [0x136f, nil]]
0x1376S0x1511S0x217	[0x1501, [0x136f, nil]]
0x1377S0x1511S0x217	[0x1501, [0x136f, nil]]
0x1379S0x1511S0x217	[0x1501, [0x136f, nil]]
0x137bS0x1511S0x217	[0x1501, [0x136f, nil]]
0x137cS0x1511S0x217	[0x1501, [0x136f, nil]]
0x154bS0x276	[0x154a, nil]
0x154dS0x276	[0x154a, nil]
0x154fS0x276	[0x154a, nil]
0x1551S0x276	[0x154a, nil]
0x1554S0x276	[0x154a, nil]
0x1556S0x276	[0x154a, nil]
0x1559S0x276	[0x154a, nil]
0x155bS0x276	[0x154a, nil]
0x155cS0x276	[0x154a, nil]
0x155fS0x276	[0x154a, nil]
0x1562S0x276	[0x154a, nil]
0x1564S0x276	[0x154a, nil]
0x156bS0x276	[0x154a, nil]
0x156cS0x276	[0x154a, nil]
0x156fS0x276	[0x154a, nil]
0x1571S0x276	[0x154a, nil]
0x1576S0x276	[0x154a, nil]
0x157bS0x276	[0x154a, nil]
0x157eS0x276	[0x154a, nil]
0x1582S0x276	[0x154a, nil]
0x1584S0x276	[0x154a, nil]
0x1586S0x276	[0x154a, nil]
0x1588S0x276	[0x154a, nil]
0x1589S0x276	[0x154a, nil]
0x158bS0x276	[0x154a, nil]
0x158cS0x276	[0x154a, nil]
0x158fS0x276	[0x154a, nil]
0x1591S0x276	[0x154a, nil]
0x1594S0x276	[0x154a, nil]
0x159aS0x276	[0x154a, nil]
0x159bS0x276	[0x154a, nil]
0x159eS0x276	[0x154a, nil]
0x15a1S0x276	[0x154a, nil]
0x15a5S0x276	[0x154a, nil]
0x15a9S0x276	[0x154a, nil]
0x15aeS0x276	[0x154a, nil]
0x15b0S0x276	[0x154a, nil]
0x15cf_0x2S0x276	[0x154a, nil]
0x15b4S0x276	[0x154a, nil]
0x15b5S0x276	[0x154a, nil]
0x15b6S0x276	[0x154a, nil]
0x15b1_0x0S0x276	[0x154a, nil]
0x15bbS0x276	[0x154a, nil]
0x15beS0x276	[0x154a, nil]
0x15c2S0x276	[0x154a, nil]
0x15c6S0x276	[0x154a, nil]
0x15c8S0x276	[0x154a, nil]
0x15caS0x276	[0x154a, nil]
0x15cbS0x276	[0x154a, nil]
0x15ba_0x0S0x276	[0x154a, nil]
0x15ba_0x2S0x276	[0x154a, nil]
0x15ba_0x3S0x276	[0x154a, nil]
0x151dS0x154aS0x276	[0x154a, [0x151c, nil]]
0x151fS0x154aS0x276	[0x154a, [0x151c, nil]]
0x1524S0x154aS0x276	[0x154a, [0x151c, nil]]
0x1527S0x154aS0x276	[0x154a, [0x151c, nil]]
0x1528S0x154aS0x276	[0x154a, [0x151c, nil]]
0x152bS0x154aS0x276	[0x154a, [0x151c, nil]]
0x152dS0x154aS0x276	[0x154a, [0x151c, nil]]
0x152eS0x154aS0x276	[0x154a, [0x151c, nil]]
0x1532S0x154aS0x276	[0x154a, [0x151c, nil]]
0x1533S0x154aS0x276	[0x154a, [0x151c, nil]]
0x1535S0x154aS0x276	[0x154a, [0x151c, nil]]
0x1537S0x154aS0x276	[0x154a, [0x151c, nil]]
0x1539S0x154aS0x276	[0x154a, [0x151c, nil]]
0x153aS0x154aS0x276	[0x154a, [0x151c, nil]]
0x153dS0x154aS0x276	[0x154a, [0x151c, nil]]
0x153eS0x154aS0x276	[0x154a, [0x151c, nil]]
0x1540S0x154aS0x276	[0x154a, [0x151c, nil]]
0x1541S0x154aS0x276	[0x154a, [0x151c, nil]]
0x151dS0x1568S0x276	[0x154a, [0x151c, nil]]
0x151fS0x1568S0x276	[0x154a, [0x151c, nil]]
0x1524S0x1568S0x276	[0x154a, [0x151c, nil]]
0x1527S0x1568S0x276	[0x154a, [0x151c, nil]]
0x1528S0x1568S0x276	[0x154a, [0x151c, nil]]
0x152bS0x1568S0x276	[0x154a, [0x151c, nil]]
0x152dS0x1568S0x276	[0x154a, [0x151c, nil]]
0x152eS0x1568S0x276	[0x154a, [0x151c, nil]]
0x1532S0x1568S0x276	[0x154a, [0x151c, nil]]
0x1533S0x1568S0x276	[0x154a, [0x151c, nil]]
0x1535S0x1568S0x276	[0x154a, [0x151c, nil]]
0x1537S0x1568S0x276	[0x154a, [0x151c, nil]]
0x1539S0x1568S0x276	[0x154a, [0x151c, nil]]
0x153aS0x1568S0x276	[0x154a, [0x151c, nil]]
0x153dS0x1568S0x276	[0x154a, [0x151c, nil]]
0x153eS0x1568S0x276	[0x154a, [0x151c, nil]]
0x1540S0x1568S0x276	[0x154a, [0x151c, nil]]
0x1541S0x1568S0x276	[0x154a, [0x151c, nil]]
0x168cS0x300	[0x1678, nil]
0x168dS0x300	[0x1678, nil]
0x16c1S0x300	[0x1678, nil]
0x16c2S0x300	[0x1678, nil]
0x16ebS0x300	[0x1678, nil]
0x16ecS0x300	[0x1678, nil]
0x1715S0x300	[0x1678, nil]
0x1716S0x300	[0x1678, nil]
0x1679S0x300	[0x1678, nil]
0x167aS0x300	[0x1678, nil]
0x167bS0x300	[0x1678, nil]
0x167cS0x300	[0x1678, nil]
0x167dS0x300	[0x1678, nil]
0x167eS0x300	[0x1678, nil]
0x167fS0x300	[0x1678, nil]
0x1680S0x300	[0x1678, nil]
0x1681S0x300	[0x1678, nil]
0x1685S0x300	[0x1678, nil]
0x1686S0x300	[0x1678, nil]
0x1687S0x300	[0x1678, nil]
0x1688S0x300	[0x1678, nil]
0x1691S0x300	[0x1678, nil]
0x1692S0x300	[0x1678, nil]
0x1696S0x300	[0x1678, nil]
0x169dS0x300	[0x1678, nil]
0x16a0S0x300	[0x1678, nil]
0x16a1S0x300	[0x1678, nil]
0x16a2S0x300	[0x1678, nil]
0x16a6S0x300	[0x1678, nil]
0x16adS0x300	[0x1678, nil]
0x16b0S0x300	[0x1678, nil]
0x16b1S0x300	[0x1678, nil]
0x16b2S0x300	[0x1678, nil]
0x16b4S0x300	[0x1678, nil]
0x16b6S0x300	[0x1678, nil]
0x16b8S0x300	[0x1678, nil]
0x16b9S0x300	[0x1678, nil]
0x16bbS0x300	[0x1678, nil]
0x16bcS0x300	[0x1678, nil]
0x16bdS0x300	[0x1678, nil]
0x16c5S0x300	[0x1678, nil]
0x16cbS0x300	[0x1678, nil]
0x16ccS0x300	[0x1678, nil]
0x16d7S0x300	[0x1678, nil]
0x16daS0x300	[0x1678, nil]
0x16dbS0x300	[0x1678, nil]
0x16dcS0x300	[0x1678, nil]
0x16deS0x300	[0x1678, nil]
0x16e0S0x300	[0x1678, nil]
0x16e2S0x300	[0x1678, nil]
0x16e3S0x300	[0x1678, nil]
0x16e5S0x300	[0x1678, nil]
0x16e6S0x300	[0x1678, nil]
0x16e7S0x300	[0x1678, nil]
0x16efS0x300	[0x1678, nil]
0x16f5S0x300	[0x1678, nil]
0x16f6S0x300	[0x1678, nil]
0x1701S0x300	[0x1678, nil]
0x1704S0x300	[0x1678, nil]
0x1705S0x300	[0x1678, nil]
0x1706S0x300	[0x1678, nil]
0x1708S0x300	[0x1678, nil]
0x170aS0x300	[0x1678, nil]
0x170cS0x300	[0x1678, nil]
0x170dS0x300	[0x1678, nil]
0x170fS0x300	[0x1678, nil]
0x1710S0x300	[0x1678, nil]
0x1711S0x300	[0x1678, nil]
0x1719S0x300	[0x1678, nil]
0x171fS0x300	[0x1678, nil]
0x1720S0x300	[0x1678, nil]
0x1380S0x168fS0x300	[0x1678, [0x136f, nil]]
0x1381S0x168fS0x300	[0x1678, [0x136f, nil]]
0x1370S0x168fS0x300	[0x1678, [0x136f, nil]]
0x1372S0x168fS0x300	[0x1678, [0x136f, nil]]
0x1374S0x168fS0x300	[0x1678, [0x136f, nil]]
0x1376S0x168fS0x300	[0x1678, [0x136f, nil]]
0x1377S0x168fS0x300	[0x1678, [0x136f, nil]]
0x1379S0x168fS0x300	[0x1678, [0x136f, nil]]
0x137bS0x168fS0x300	[0x1678, [0x136f, nil]]
0x137cS0x168fS0x300	[0x1678, [0x136f, nil]]
0x1380S0x169aS0x300	[0x1678, [0x136f, nil]]
0x1381S0x169aS0x300	[0x1678, [0x136f, nil]]
0x1370S0x169aS0x300	[0x1678, [0x136f, nil]]
0x1372S0x169aS0x300	[0x1678, [0x136f, nil]]
0x1374S0x169aS0x300	[0x1678, [0x136f, nil]]
0x1376S0x169aS0x300	[0x1678, [0x136f, nil]]
0x1377S0x169aS0x300	[0x1678, [0x136f, nil]]
0x1379S0x169aS0x300	[0x1678, [0x136f, nil]]
0x137bS0x169aS0x300	[0x1678, [0x136f, nil]]
0x137cS0x169aS0x300	[0x1678, [0x136f, nil]]
0x1645S0x16c4S0x300	[0x1678, [0x1638, nil]]
0x1646S0x16c4S0x300	[0x1678, [0x1638, nil]]
0x165bS0x16c4S0x300	[0x1678, [0x1638, nil]]
0x165cS0x16c4S0x300	[0x1678, [0x1638, nil]]
0x1675S0x16c4S0x300	[0x1678, [0x1638, nil]]
0x1676S0x16c4S0x300	[0x1678, [0x1638, nil]]
0x164bS0x16c4S0x300	[0x1678, [0x1638, nil]]
0x164cS0x16c4S0x300	[0x1678, [0x1638, nil]]
0x164eS0x16c4S0x300	[0x1678, [0x1638, nil]]
0x1650S0x16c4S0x300	[0x1678, [0x1638, nil]]
0x1652S0x16c4S0x300	[0x1678, [0x1638, nil]]
0x1653S0x16c4S0x300	[0x1678, [0x1638, nil]]
0x1655S0x16c4S0x300	[0x1678, [0x1638, nil]]
0x1656S0x16c4S0x300	[0x1678, [0x1638, nil]]
0x1657S0x16c4S0x300	[0x1678, [0x1638, nil]]
0x165fS0x16c4S0x300	[0x1678, [0x1638, nil]]
0x1662S0x16c4S0x300	[0x1678, [0x1638, nil]]
0x1666S0x16c4S0x300	[0x1678, [0x1638, nil]]
0x1669S0x16c4S0x300	[0x1678, [0x1638, nil]]
0x166bS0x16c4S0x300	[0x1678, [0x1638, nil]]
0x166dS0x16c4S0x300	[0x1678, [0x1638, nil]]
0x166eS0x16c4S0x300	[0x1678, [0x1638, nil]]
0x166fS0x16c4S0x300	[0x1678, [0x1638, nil]]
0x1670S0x16c4S0x300	[0x1678, [0x1638, nil]]
0x1671S0x16c4S0x300	[0x1678, [0x1638, nil]]
0x1639S0x16c4S0x300	[0x1678, [0x1638, nil]]
0x163aS0x16c4S0x300	[0x1678, [0x1638, nil]]
0x163cS0x16c4S0x300	[0x1678, [0x1638, nil]]
0x163fS0x16c4S0x300	[0x1678, [0x1638, nil]]
0x1640S0x16c4S0x300	[0x1678, [0x1638, nil]]
0x1641S0x16c4S0x300	[0x1678, [0x1638, nil]]
0x1645S0x16eeS0x300	[0x1678, [0x1638, nil]]
0x1646S0x16eeS0x300	[0x1678, [0x1638, nil]]
0x165bS0x16eeS0x300	[0x1678, [0x1638, nil]]
0x165cS0x16eeS0x300	[0x1678, [0x1638, nil]]
0x1675S0x16eeS0x300	[0x1678, [0x1638, nil]]
0x1676S0x16eeS0x300	[0x1678, [0x1638, nil]]
0x164bS0x16eeS0x300	[0x1678, [0x1638, nil]]
0x164cS0x16eeS0x300	[0x1678, [0x1638, nil]]
0x164eS0x16eeS0x300	[0x1678, [0x1638, nil]]
0x1650S0x16eeS0x300	[0x1678, [0x1638, nil]]
0x1652S0x16eeS0x300	[0x1678, [0x1638, nil]]
0x1653S0x16eeS0x300	[0x1678, [0x1638, nil]]
0x1655S0x16eeS0x300	[0x1678, [0x1638, nil]]
0x1656S0x16eeS0x300	[0x1678, [0x1638, nil]]
0x1657S0x16eeS0x300	[0x1678, [0x1638, nil]]
0x165fS0x16eeS0x300	[0x1678, [0x1638, nil]]
0x1662S0x16eeS0x300	[0x1678, [0x1638, nil]]
0x1666S0x16eeS0x300	[0x1678, [0x1638, nil]]
0x1669S0x16eeS0x300	[0x1678, [0x1638, nil]]
0x166bS0x16eeS0x300	[0x1678, [0x1638, nil]]
0x166dS0x16eeS0x300	[0x1678, [0x1638, nil]]
0x166eS0x16eeS0x300	[0x1678, [0x1638, nil]]
0x166fS0x16eeS0x300	[0x1678, [0x1638, nil]]
0x1670S0x16eeS0x300	[0x1678, [0x1638, nil]]
0x1671S0x16eeS0x300	[0x1678, [0x1638, nil]]
0x1639S0x16eeS0x300	[0x1678, [0x1638, nil]]
0x163aS0x16eeS0x300	[0x1678, [0x1638, nil]]
0x163cS0x16eeS0x300	[0x1678, [0x1638, nil]]
0x163fS0x16eeS0x300	[0x1678, [0x1638, nil]]
0x1640S0x16eeS0x300	[0x1678, [0x1638, nil]]
0x1641S0x16eeS0x300	[0x1678, [0x1638, nil]]
0x1390S0x1718S0x300	[0x1678, [0x1383, nil]]
0x1391S0x1718S0x300	[0x1678, [0x1383, nil]]
0x13a6S0x1718S0x300	[0x1678, [0x1383, nil]]
0x13a7S0x1718S0x300	[0x1678, [0x1383, nil]]
0x13bdS0x1718S0x300	[0x1678, [0x1383, nil]]
0x13beS0x1718S0x300	[0x1678, [0x1383, nil]]
0x1396S0x1718S0x300	[0x1678, [0x1383, nil]]
0x1397S0x1718S0x300	[0x1678, [0x1383, nil]]
0x1399S0x1718S0x300	[0x1678, [0x1383, nil]]
0x139bS0x1718S0x300	[0x1678, [0x1383, nil]]
0x139dS0x1718S0x300	[0x1678, [0x1383, nil]]
0x139eS0x1718S0x300	[0x1678, [0x1383, nil]]
0x13a0S0x1718S0x300	[0x1678, [0x1383, nil]]
0x13a1S0x1718S0x300	[0x1678, [0x1383, nil]]
0x13a2S0x1718S0x300	[0x1678, [0x1383, nil]]
0x13aaS0x1718S0x300	[0x1678, [0x1383, nil]]
0x13adS0x1718S0x300	[0x1678, [0x1383, nil]]
0x13b1S0x1718S0x300	[0x1678, [0x1383, nil]]
0x13b5S0x1718S0x300	[0x1678, [0x1383, nil]]
0x13b6S0x1718S0x300	[0x1678, [0x1383, nil]]
0x13b7S0x1718S0x300	[0x1678, [0x1383, nil]]
0x13b8S0x1718S0x300	[0x1678, [0x1383, nil]]
0x13b9S0x1718S0x300	[0x1678, [0x1383, nil]]
0x1384S0x1718S0x300	[0x1678, [0x1383, nil]]
0x1385S0x1718S0x300	[0x1678, [0x1383, nil]]
0x1387S0x1718S0x300	[0x1678, [0x1383, nil]]
0x138aS0x1718S0x300	[0x1678, [0x1383, nil]]
0x138bS0x1718S0x300	[0x1678, [0x1383, nil]]
0x138cS0x1718S0x300	[0x1678, [0x1383, nil]]
0x174aS0x360	[0x1738, nil]
0x174bS0x360	[0x1738, nil]
0x178dS0x360	[0x1738, nil]
0x178eS0x360	[0x1738, nil]
0x1739S0x360	[0x1738, nil]
0x173aS0x360	[0x1738, nil]
0x173bS0x360	[0x1738, nil]
0x173cS0x360	[0x1738, nil]
0x173dS0x360	[0x1738, nil]
0x173eS0x360	[0x1738, nil]
0x173fS0x360	[0x1738, nil]
0x1743S0x360	[0x1738, nil]
0x1744S0x360	[0x1738, nil]
0x1745S0x360	[0x1738, nil]
0x1746S0x360	[0x1738, nil]
0x174fS0x360	[0x1738, nil]
0x1750S0x360	[0x1738, nil]
0x1754S0x360	[0x1738, nil]
0x175bS0x360	[0x1738, nil]
0x175eS0x360	[0x1738, nil]
0x175fS0x360	[0x1738, nil]
0x1760S0x360	[0x1738, nil]
0x1764S0x360	[0x1738, nil]
0x176bS0x360	[0x1738, nil]
0x176eS0x360	[0x1738, nil]
0x176fS0x360	[0x1738, nil]
0x1772S0x360	[0x1738, nil]
0x1775S0x360	[0x1738, nil]
0x1776S0x360	[0x1738, nil]
0x1779S0x360	[0x1738, nil]
0x177cS0x360	[0x1738, nil]
0x177dS0x360	[0x1738, nil]
0x177eS0x360	[0x1738, nil]
0x1780S0x360	[0x1738, nil]
0x1782S0x360	[0x1738, nil]
0x1784S0x360	[0x1738, nil]
0x1785S0x360	[0x1738, nil]
0x1787S0x360	[0x1738, nil]
0x1788S0x360	[0x1738, nil]
0x1789S0x360	[0x1738, nil]
0x1791S0x360	[0x1738, nil]
0x1797S0x360	[0x1738, nil]
0x1798S0x360	[0x1738, nil]
0x1380S0x174dS0x360	[0x1738, [0x136f, nil]]
0x1381S0x174dS0x360	[0x1738, [0x136f, nil]]
0x1370S0x174dS0x360	[0x1738, [0x136f, nil]]
0x1372S0x174dS0x360	[0x1738, [0x136f, nil]]
0x1374S0x174dS0x360	[0x1738, [0x136f, nil]]
0x1376S0x174dS0x360	[0x1738, [0x136f, nil]]
0x1377S0x174dS0x360	[0x1738, [0x136f, nil]]
0x1379S0x174dS0x360	[0x1738, [0x136f, nil]]
0x137bS0x174dS0x360	[0x1738, [0x136f, nil]]
0x137cS0x174dS0x360	[0x1738, [0x136f, nil]]
0x1380S0x1758S0x360	[0x1738, [0x136f, nil]]
0x1381S0x1758S0x360	[0x1738, [0x136f, nil]]
0x1370S0x1758S0x360	[0x1738, [0x136f, nil]]
0x1372S0x1758S0x360	[0x1738, [0x136f, nil]]
0x1374S0x1758S0x360	[0x1738, [0x136f, nil]]
0x1376S0x1758S0x360	[0x1738, [0x136f, nil]]
0x1377S0x1758S0x360	[0x1738, [0x136f, nil]]
0x1379S0x1758S0x360	[0x1738, [0x136f, nil]]
0x137bS0x1758S0x360	[0x1738, [0x136f, nil]]
0x137cS0x1758S0x360	[0x1738, [0x136f, nil]]
0x1390S0x1790S0x360	[0x1738, [0x1383, nil]]
0x1391S0x1790S0x360	[0x1738, [0x1383, nil]]
0x13a6S0x1790S0x360	[0x1738, [0x1383, nil]]
0x13a7S0x1790S0x360	[0x1738, [0x1383, nil]]
0x13bdS0x1790S0x360	[0x1738, [0x1383, nil]]
0x13beS0x1790S0x360	[0x1738, [0x1383, nil]]
0x1396S0x1790S0x360	[0x1738, [0x1383, nil]]
0x1397S0x1790S0x360	[0x1738, [0x1383, nil]]
0x1399S0x1790S0x360	[0x1738, [0x1383, nil]]
0x139bS0x1790S0x360	[0x1738, [0x1383, nil]]
0x139dS0x1790S0x360	[0x1738, [0x1383, nil]]
0x139eS0x1790S0x360	[0x1738, [0x1383, nil]]
0x13a0S0x1790S0x360	[0x1738, [0x1383, nil]]
0x13a1S0x1790S0x360	[0x1738, [0x1383, nil]]
0x13a2S0x1790S0x360	[0x1738, [0x1383, nil]]
0x13aaS0x1790S0x360	[0x1738, [0x1383, nil]]
0x13adS0x1790S0x360	[0x1738, [0x1383, nil]]
0x13b1S0x1790S0x360	[0x1738, [0x1383, nil]]
0x13b5S0x1790S0x360	[0x1738, [0x1383, nil]]
0x13b6S0x1790S0x360	[0x1738, [0x1383, nil]]
0x13b7S0x1790S0x360	[0x1738, [0x1383, nil]]
0x13b8S0x1790S0x360	[0x1738, [0x1383, nil]]
0x13b9S0x1790S0x360	[0x1738, [0x1383, nil]]
0x1384S0x1790S0x360	[0x1738, [0x1383, nil]]
0x1385S0x1790S0x360	[0x1738, [0x1383, nil]]
0x1387S0x1790S0x360	[0x1738, [0x1383, nil]]
0x138aS0x1790S0x360	[0x1738, [0x1383, nil]]
0x138bS0x1790S0x360	[0x1738, [0x1383, nil]]
0x138cS0x1790S0x360	[0x1738, [0x1383, nil]]
0x1443S0x342	[0x1434, nil]
0x1444S0x342	[0x1434, nil]
0x145fS0x342	[0x1434, nil]
0x1460S0x342	[0x1434, nil]
0x1435S0x342	[0x1434, nil]
0x1436S0x342	[0x1434, nil]
0x1437S0x342	[0x1434, nil]
0x1438S0x342	[0x1434, nil]
0x143cS0x342	[0x1434, nil]
0x143dS0x342	[0x1434, nil]
0x143eS0x342	[0x1434, nil]
0x143fS0x342	[0x1434, nil]
0x1448S0x342	[0x1434, nil]
0x144bS0x342	[0x1434, nil]
0x144eS0x342	[0x1434, nil]
0x144fS0x342	[0x1434, nil]
0x1450S0x342	[0x1434, nil]
0x1452S0x342	[0x1434, nil]
0x1454S0x342	[0x1434, nil]
0x1456S0x342	[0x1434, nil]
0x1457S0x342	[0x1434, nil]
0x1459S0x342	[0x1434, nil]
0x145aS0x342	[0x1434, nil]
0x145bS0x342	[0x1434, nil]
0x1463S0x342	[0x1434, nil]
0x1469S0x342	[0x1434, nil]
0x146aS0x342	[0x1434, nil]
0x1390S0x1462S0x342	[0x1434, [0x1383, nil]]
0x1391S0x1462S0x342	[0x1434, [0x1383, nil]]
0x13a6S0x1462S0x342	[0x1434, [0x1383, nil]]
0x13a7S0x1462S0x342	[0x1434, [0x1383, nil]]
0x13bdS0x1462S0x342	[0x1434, [0x1383, nil]]
0x13beS0x1462S0x342	[0x1434, [0x1383, nil]]
0x1396S0x1462S0x342	[0x1434, [0x1383, nil]]
0x1397S0x1462S0x342	[0x1434, [0x1383, nil]]
0x1399S0x1462S0x342	[0x1434, [0x1383, nil]]
0x139bS0x1462S0x342	[0x1434, [0x1383, nil]]
0x139dS0x1462S0x342	[0x1434, [0x1383, nil]]
0x139eS0x1462S0x342	[0x1434, [0x1383, nil]]
0x13a0S0x1462S0x342	[0x1434, [0x1383, nil]]
0x13a1S0x1462S0x342	[0x1434, [0x1383, nil]]
0x13a2S0x1462S0x342	[0x1434, [0x1383, nil]]
0x13aaS0x1462S0x342	[0x1434, [0x1383, nil]]
0x13adS0x1462S0x342	[0x1434, [0x1383, nil]]
0x13b1S0x1462S0x342	[0x1434, [0x1383, nil]]
0x13b5S0x1462S0x342	[0x1434, [0x1383, nil]]
0x13b6S0x1462S0x342	[0x1434, [0x1383, nil]]
0x13b7S0x1462S0x342	[0x1434, [0x1383, nil]]
0x13b8S0x1462S0x342	[0x1434, [0x1383, nil]]
0x13b9S0x1462S0x342	[0x1434, [0x1383, nil]]
0x1384S0x1462S0x342	[0x1434, [0x1383, nil]]
0x1385S0x1462S0x342	[0x1434, [0x1383, nil]]
0x1387S0x1462S0x342	[0x1434, [0x1383, nil]]
0x138aS0x1462S0x342	[0x1434, [0x1383, nil]]
0x138bS0x1462S0x342	[0x1434, [0x1383, nil]]
0x138cS0x1462S0x342	[0x1434, [0x1383, nil]]
0x8c9S0x2a3	[0x8ad, nil]
0x8cbS0x2a3	[0x8ad, nil]
0x8ccS0x2a3	[0x8ad, nil]
0x8d1S0x2a3	[0x8ad, nil]
0x8d3S0x2a3	[0x8ad, nil]
0x8d6S0x2a3	[0x8ad, nil]
0x8d8S0x2a3	[0x8ad, nil]
0x8d9S0x2a3	[0x8ad, nil]
0x8dbS0x2a3	[0x8ad, nil]
0x8deS0x2a3	[0x8ad, nil]
0x947S0x2a3	[0x8ad, nil]
0x948S0x2a3	[0x8ad, nil]
0x955S0x2a3	[0x8ad, nil]
0x956S0x2a3	[0x8ad, nil]
0x957S0x2a3	[0x8ad, nil]
0x959S0x2a3	[0x8ad, nil]
0x95aS0x2a3	[0x8ad, nil]
0x1860S0x2a3	[0x8ad, nil]
0x1861S0x2a3	[0x8ad, nil]
0x186cS0x2a3	[0x8ad, nil]
0x186dS0x2a3	[0x8ad, nil]
0x8aeS0x2a3	[0x8ad, nil]
0x8afS0x2a3	[0x8ad, nil]
0x8c4S0x2a3	[0x8ad, nil]
0x8c5S0x2a3	[0x8ad, nil]
0x8e2S0x2a3	[0x8ad, nil]
0x8e3S0x2a3	[0x8ad, nil]
0x8e4S0x2a3	[0x8ad, nil]
0x8e7S0x2a3	[0x8ad, nil]
0x8eaS0x2a3	[0x8ad, nil]
0x8edS0x2a3	[0x8ad, nil]
0x8efS0x2a3	[0x8ad, nil]
0x8f8S0x2a3	[0x8ad, nil]
0x8fdS0x2a3	[0x8ad, nil]
0x6edeS0x2a3	[0x8ad, nil]
0x6ee2S0x2a3	[0x8ad, nil]
0x6ee7S0x2a3	[0x8ad, nil]
0x903S0x2a3	[0x8ad, nil]
0x904S0x2a3	[0x8ad, nil]
0x906S0x2a3	[0x8ad, nil]
0x908S0x2a3	[0x8ad, nil]
0x90aS0x2a3	[0x8ad, nil]
0x90bS0x2a3	[0x8ad, nil]
0x90dS0x2a3	[0x8ad, nil]
0x90eS0x2a3	[0x8ad, nil]
0x90fS0x2a3	[0x8ad, nil]
0x94cS0x2a3	[0x8ad, nil]
0x94dS0x2a3	[0x8ad, nil]
0x94eS0x2a3	[0x8ad, nil]
0x950S0x2a3	[0x8ad, nil]
0x951S0x2a3	[0x8ad, nil]
0x1866S0x2a3	[0x8ad, nil]
0x1867S0x2a3	[0x8ad, nil]
0x1868S0x2a3	[0x8ad, nil]
0x1873S0x2a3	[0x8ad, nil]
0x1878S0x2a3	[0x8ad, nil]
0x64dS0x2a3	[0x8ad, nil]
0x64eS0x2a3	[0x8ad, nil]
0x64fS0x2a3	[0x8ad, nil]
0x652S0x2a3	[0x8ad, nil]
0x655S0x2a3	[0x8ad, nil]
0x1856S0x2a3	[0x8ad, nil]
0x1857S0x2a3	[0x8ad, nil]
0x185aS0x2a3	[0x8ad, nil]
0x185bS0x2a3	[0x8ad, nil]
0x185cS0x2a3	[0x8ad, nil]
0x914S0x2a3	[0x8ad, nil]
0x916S0x2a3	[0x8ad, nil]
0x918S0x2a3	[0x8ad, nil]
0x91aS0x2a3	[0x8ad, nil]
0x91bS0x2a3	[0x8ad, nil]
0x91cS0x2a3	[0x8ad, nil]
0x91dS0x2a3	[0x8ad, nil]
0x922S0x2a3	[0x8ad, nil]
0x924S0x2a3	[0x8ad, nil]
0x926S0x2a3	[0x8ad, nil]
0x92bS0x2a3	[0x8ad, nil]
0x92cS0x2a3	[0x8ad, nil]
0x92eS0x2a3	[0x8ad, nil]
0x931S0x2a3	[0x8ad, nil]
0x933S0x2a3	[0x8ad, nil]
0x934S0x2a3	[0x8ad, nil]
0x935S0x2a3	[0x8ad, nil]
0x937S0x2a3	[0x8ad, nil]
0x93aS0x2a3	[0x8ad, nil]
0x93cS0x2a3	[0x8ad, nil]
0x93fS0x2a3	[0x8ad, nil]
0x940S0x2a3	[0x8ad, nil]
0x942S0x2a3	[0x8ad, nil]
0x943S0x2a3	[0x8ad, nil]
0x360e0x8adS0x2a3	[0x8ad, nil]
0x1825S0x8e1S0x2a3	[0x8ad, [0x1813, nil]]
0x1826S0x8e1S0x2a3	[0x8ad, [0x1813, nil]]
0x183eS0x8e1S0x2a3	[0x8ad, [0x1813, nil]]
0x183fS0x8e1S0x2a3	[0x8ad, [0x1813, nil]]
0x1852S0x8e1S0x2a3	[0x8ad, [0x1813, nil]]
0x1853S0x8e1S0x2a3	[0x8ad, [0x1813, nil]]
0x1814S0x8e1S0x2a3	[0x8ad, [0x1813, nil]]
0x1815S0x8e1S0x2a3	[0x8ad, [0x1813, nil]]
0x1817S0x8e1S0x2a3	[0x8ad, [0x1813, nil]]
0x1818S0x8e1S0x2a3	[0x8ad, [0x1813, nil]]
0x181aS0x8e1S0x2a3	[0x8ad, [0x1813, nil]]
0x181cS0x8e1S0x2a3	[0x8ad, [0x1813, nil]]
0x181dS0x8e1S0x2a3	[0x8ad, [0x1813, nil]]
0x181eS0x8e1S0x2a3	[0x8ad, [0x1813, nil]]
0x1820S0x8e1S0x2a3	[0x8ad, [0x1813, nil]]
0x1821S0x8e1S0x2a3	[0x8ad, [0x1813, nil]]
0x182aS0x8e1S0x2a3	[0x8ad, [0x1813, nil]]
0x182cS0x8e1S0x2a3	[0x8ad, [0x1813, nil]]
0x182fS0x8e1S0x2a3	[0x8ad, [0x1813, nil]]
0x1831S0x8e1S0x2a3	[0x8ad, [0x1813, nil]]
0x1833S0x8e1S0x2a3	[0x8ad, [0x1813, nil]]
0x1835S0x8e1S0x2a3	[0x8ad, [0x1813, nil]]
0x1836S0x8e1S0x2a3	[0x8ad, [0x1813, nil]]
0x1838S0x8e1S0x2a3	[0x8ad, [0x1813, nil]]
0x1839S0x8e1S0x2a3	[0x8ad, [0x1813, nil]]
0x183aS0x8e1S0x2a3	[0x8ad, [0x1813, nil]]
0x1842S0x8e1S0x2a3	[0x8ad, [0x1813, nil]]
0x1844S0x8e1S0x2a3	[0x8ad, [0x1813, nil]]
0x1847S0x8e1S0x2a3	[0x8ad, [0x1813, nil]]
0x184aS0x8e1S0x2a3	[0x8ad, [0x1813, nil]]
0x184cS0x8e1S0x2a3	[0x8ad, [0x1813, nil]]
0x184dS0x8e1S0x2a3	[0x8ad, [0x1813, nil]]
0x184eS0x8e1S0x2a3	[0x8ad, [0x1813, nil]]
0xbf6S0x8f3S0x2a3	[0x8ad, [0xbeb, nil]]
0xbfcS0x8f3S0x2a3	[0x8ad, [0xbeb, nil]]
0xbfdS0x8f3S0x2a3	[0x8ad, [0xbeb, nil]]
0xbf6_0x0S0x8f3S0x2a3	[0x8ad, [0xbeb, nil]]
0xc01S0x8f3S0x2a3	[0x8ad, [0xbeb, nil]]
0xc04S0x8f3S0x2a3	[0x8ad, [0xbeb, nil]]
0xc3aS0x8f3S0x2a3	[0x8ad, [0xbeb, nil]]
0xc3dS0x8f3S0x2a3	[0x8ad, [0xbeb, nil]]
0xc40S0x8f3S0x2a3	[0x8ad, [0xbeb, nil]]
0xc42S0x8f3S0x2a3	[0x8ad, [0xbeb, nil]]
0xc95S0x8f3S0x2a3	[0x8ad, [0xbeb, nil]]
0xc97S0x8f3S0x2a3	[0x8ad, [0xbeb, nil]]
0xc9aS0x8f3S0x2a3	[0x8ad, [0xbeb, nil]]
0xc9cS0x8f3S0x2a3	[0x8ad, [0xbeb, nil]]
0xc9dS0x8f3S0x2a3	[0x8ad, [0xbeb, nil]]
0xc9fS0x8f3S0x2a3	[0x8ad, [0xbeb, nil]]
0xca0S0x8f3S0x2a3	[0x8ad, [0xbeb, nil]]
0xca1S0x8f3S0x2a3	[0x8ad, [0xbeb, nil]]
0xca3S0x8f3S0x2a3	[0x8ad, [0xbeb, nil]]
0xca4S0x8f3S0x2a3	[0x8ad, [0xbeb, nil]]
0xca7S0x8f3S0x2a3	[0x8ad, [0xbeb, nil]]
0xcaaS0x8f3S0x2a3	[0x8ad, [0xbeb, nil]]
0xcabS0x8f3S0x2a3	[0x8ad, [0xbeb, nil]]
0xcacS0x8f3S0x2a3	[0x8ad, [0xbeb, nil]]
0xcafS0x8f3S0x2a3	[0x8ad, [0xbeb, nil]]
0xcb1S0x8f3S0x2a3	[0x8ad, [0xbeb, nil]]
0x19ccS0x8f3S0x2a3	[0x8ad, [0xbeb, nil]]
0x19cdS0x8f3S0x2a3	[0x8ad, [0xbeb, nil]]
0xbecS0x8f3S0x2a3	[0x8ad, [0xbeb, nil]]
0xc0bS0x8f3S0x2a3	[0x8ad, [0xbeb, nil]]
0xc0dS0x8f3S0x2a3	[0x8ad, [0xbeb, nil]]
0xc0fS0x8f3S0x2a3	[0x8ad, [0xbeb, nil]]
0xc11S0x8f3S0x2a3	[0x8ad, [0xbeb, nil]]
0xc16S0x8f3S0x2a3	[0x8ad, [0xbeb, nil]]
0xc08_0x0S0x8f3S0x2a3	[0x8ad, [0xbeb, nil]]
0x352fS0x8f3S0x2a3	[0x8ad, [0xbeb, nil]]
0x3534S0x8f3S0x2a3	[0x8ad, [0xbeb, nil]]
0x3536S0x8f3S0x2a3	[0x8ad, [0xbeb, nil]]
0x3537S0x8f3S0x2a3	[0x8ad, [0xbeb, nil]]
0x3539S0x8f3S0x2a3	[0x8ad, [0xbeb, nil]]
0x353bS0x8f3S0x2a3	[0x8ad, [0xbeb, nil]]
0x353eS0x8f3S0x2a3	[0x8ad, [0xbeb, nil]]
0x3540S0x8f3S0x2a3	[0x8ad, [0xbeb, nil]]
0xc1dS0x8f3S0x2a3	[0x8ad, [0xbeb, nil]]
0xc1fS0x8f3S0x2a3	[0x8ad, [0xbeb, nil]]
0xc22S0x8f3S0x2a3	[0x8ad, [0xbeb, nil]]
0xc25S0x8f3S0x2a3	[0x8ad, [0xbeb, nil]]
0xc27S0x8f3S0x2a3	[0x8ad, [0xbeb, nil]]
0x19bcS0x8f3S0x2a3	[0x8ad, [0xbeb, nil]]
0x19beS0x8f3S0x2a3	[0x8ad, [0xbeb, nil]]
0x19bfS0x8f3S0x2a3	[0x8ad, [0xbeb, nil]]
0x19c1S0x8f3S0x2a3	[0x8ad, [0xbeb, nil]]
0x19c3S0x8f3S0x2a3	[0x8ad, [0xbeb, nil]]
0x19c4S0x8f3S0x2a3	[0x8ad, [0xbeb, nil]]
0x19c5S0x8f3S0x2a3	[0x8ad, [0xbeb, nil]]
0x19c7S0x8f3S0x2a3	[0x8ad, [0xbeb, nil]]
0x19c8S0x8f3S0x2a3	[0x8ad, [0xbeb, nil]]
0xc2cS0x8f3S0x2a3	[0x8ad, [0xbeb, nil]]
0xc2eS0x8f3S0x2a3	[0x8ad, [0xbeb, nil]]
0xc30S0x8f3S0x2a3	[0x8ad, [0xbeb, nil]]
0xc32S0x8f3S0x2a3	[0x8ad, [0xbeb, nil]]
0xc33S0x8f3S0x2a3	[0x8ad, [0xbeb, nil]]
0xc34S0x8f3S0x2a3	[0x8ad, [0xbeb, nil]]
0xc35S0x8f3S0x2a3	[0x8ad, [0xbeb, nil]]
0xc36S0x8f3S0x2a3	[0x8ad, [0xbeb, nil]]
0xc4cS0x8f3S0x2a3	[0x8ad, [0xbeb, nil]]
0xc47S0x8f3S0x2a3	[0x8ad, [0xbeb, nil]]
0xc50S0x8f3S0x2a3	[0x8ad, [0xbeb, nil]]
0xc52S0x8f3S0x2a3	[0x8ad, [0xbeb, nil]]
0xc54S0x8f3S0x2a3	[0x8ad, [0xbeb, nil]]
0xc56S0x8f3S0x2a3	[0x8ad, [0xbeb, nil]]
0xc58S0x8f3S0x2a3	[0x8ad, [0xbeb, nil]]
0xc59S0x8f3S0x2a3	[0x8ad, [0xbeb, nil]]
0xc5bS0x8f3S0x2a3	[0x8ad, [0xbeb, nil]]
0xc5cS0x8f3S0x2a3	[0x8ad, [0xbeb, nil]]
0xc5fS0x8f3S0x2a3	[0x8ad, [0xbeb, nil]]
0xc60S0x8f3S0x2a3	[0x8ad, [0xbeb, nil]]
0xc61S0x8f3S0x2a3	[0x8ad, [0xbeb, nil]]
0xc64S0x8f3S0x2a3	[0x8ad, [0xbeb, nil]]
0xc67S0x8f3S0x2a3	[0x8ad, [0xbeb, nil]]
0xc69S0x8f3S0x2a3	[0x8ad, [0xbeb, nil]]
0xc4d_0x0S0x8f3S0x2a3	[0x8ad, [0xbeb, nil]]
0xc6eS0x8f3S0x2a3	[0x8ad, [0xbeb, nil]]
0xc70S0x8f3S0x2a3	[0x8ad, [0xbeb, nil]]
0xc71S0x8f3S0x2a3	[0x8ad, [0xbeb, nil]]
0xc77S0x8f3S0x2a3	[0x8ad, [0xbeb, nil]]
0xc7cS0x8f3S0x2a3	[0x8ad, [0xbeb, nil]]
0xc7dS0x8f3S0x2a3	[0x8ad, [0xbeb, nil]]
0xc7fS0x8f3S0x2a3	[0x8ad, [0xbeb, nil]]
0xc82S0x8f3S0x2a3	[0x8ad, [0xbeb, nil]]
0xc86S0x8f3S0x2a3	[0x8ad, [0xbeb, nil]]
0xc87S0x8f3S0x2a3	[0x8ad, [0xbeb, nil]]
0xc8cS0x8f3S0x2a3	[0x8ad, [0xbeb, nil]]
0xc8eS0x8f3S0x2a3	[0x8ad, [0xbeb, nil]]
0xc90S0x8f3S0x2a3	[0x8ad, [0xbeb, nil]]
0xc91S0x8f3S0x2a3	[0x8ad, [0xbeb, nil]]
0x19deS0x8f3S0x2a3	[0x8ad, [0xbeb, nil]]
0x19e0S0x8f3S0x2a3	[0x8ad, [0xbeb, nil]]
0xcb6S0x8f3S0x2a3	[0x8ad, [0xbeb, nil]]
0xcc1S0x8f3S0x2a3	[0x8ad, [0xbeb, nil]]
0xccfS0x8f3S0x2a3	[0x8ad, [0xbeb, nil]]
0xcd3S0x8f3S0x2a3	[0x8ad, [0xbeb, nil]]
0xcd6S0x8f3S0x2a3	[0x8ad, [0xbeb, nil]]
0xccc_0x4S0x8f3S0x2a3	[0x8ad, [0xbeb, nil]]
0xbf0S0x8f3S0x2a3	[0x8ad, [0xbeb, nil]]
0xbf1S0x8f3S0x2a3	[0x8ad, [0xbeb, nil]]
0xbf2S0x8f3S0x2a3	[0x8ad, [0xbeb, nil]]
0xbed_0x0S0x8f3S0x2a3	[0x8ad, [0xbeb, nil]]
0x19d3S0x8f3S0x2a3	[0x8ad, [0xbeb, nil]]
0xcc6S0x8f3S0x2a3	[0x8ad, [0xbeb, nil]]
0xcc7S0x8f3S0x2a3	[0x8ad, [0xbeb, nil]]
0xccaS0x8f3S0x2a3	[0x8ad, [0xbeb, nil]]
0xcc5_0x0S0x8f3S0x2a3	[0x8ad, [0xbeb, nil]]
0x1825S0xc4dS0x8f3S0x2a3	[0x8ad, [0xbeb, [0x1813, nil]]]
0x1826S0xc4dS0x8f3S0x2a3	[0x8ad, [0xbeb, [0x1813, nil]]]
0x183eS0xc4dS0x8f3S0x2a3	[0x8ad, [0xbeb, [0x1813, nil]]]
0x183fS0xc4dS0x8f3S0x2a3	[0x8ad, [0xbeb, [0x1813, nil]]]
0x1852S0xc4dS0x8f3S0x2a3	[0x8ad, [0xbeb, [0x1813, nil]]]
0x1853S0xc4dS0x8f3S0x2a3	[0x8ad, [0xbeb, [0x1813, nil]]]
0x1814S0xc4dS0x8f3S0x2a3	[0x8ad, [0xbeb, [0x1813, nil]]]
0x1815S0xc4dS0x8f3S0x2a3	[0x8ad, [0xbeb, [0x1813, nil]]]
0x1817S0xc4dS0x8f3S0x2a3	[0x8ad, [0xbeb, [0x1813, nil]]]
0x1818S0xc4dS0x8f3S0x2a3	[0x8ad, [0xbeb, [0x1813, nil]]]
0x181aS0xc4dS0x8f3S0x2a3	[0x8ad, [0xbeb, [0x1813, nil]]]
0x181cS0xc4dS0x8f3S0x2a3	[0x8ad, [0xbeb, [0x1813, nil]]]
0x181dS0xc4dS0x8f3S0x2a3	[0x8ad, [0xbeb, [0x1813, nil]]]
0x181eS0xc4dS0x8f3S0x2a3	[0x8ad, [0xbeb, [0x1813, nil]]]
0x1820S0xc4dS0x8f3S0x2a3	[0x8ad, [0xbeb, [0x1813, nil]]]
0x1821S0xc4dS0x8f3S0x2a3	[0x8ad, [0xbeb, [0x1813, nil]]]
0x182aS0xc4dS0x8f3S0x2a3	[0x8ad, [0xbeb, [0x1813, nil]]]
0x182cS0xc4dS0x8f3S0x2a3	[0x8ad, [0xbeb, [0x1813, nil]]]
0x182fS0xc4dS0x8f3S0x2a3	[0x8ad, [0xbeb, [0x1813, nil]]]
0x1831S0xc4dS0x8f3S0x2a3	[0x8ad, [0xbeb, [0x1813, nil]]]
0x1833S0xc4dS0x8f3S0x2a3	[0x8ad, [0xbeb, [0x1813, nil]]]
0x1835S0xc4dS0x8f3S0x2a3	[0x8ad, [0xbeb, [0x1813, nil]]]
0x1836S0xc4dS0x8f3S0x2a3	[0x8ad, [0xbeb, [0x1813, nil]]]
0x1838S0xc4dS0x8f3S0x2a3	[0x8ad, [0xbeb, [0x1813, nil]]]
0x1839S0xc4dS0x8f3S0x2a3	[0x8ad, [0xbeb, [0x1813, nil]]]
0x183aS0xc4dS0x8f3S0x2a3	[0x8ad, [0xbeb, [0x1813, nil]]]
0x1842S0xc4dS0x8f3S0x2a3	[0x8ad, [0xbeb, [0x1813, nil]]]
0x1844S0xc4dS0x8f3S0x2a3	[0x8ad, [0xbeb, [0x1813, nil]]]
0x1847S0xc4dS0x8f3S0x2a3	[0x8ad, [0xbeb, [0x1813, nil]]]
0x184aS0xc4dS0x8f3S0x2a3	[0x8ad, [0xbeb, [0x1813, nil]]]
0x184cS0xc4dS0x8f3S0x2a3	[0x8ad, [0xbeb, [0x1813, nil]]]
0x184dS0xc4dS0x8f3S0x2a3	[0x8ad, [0xbeb, [0x1813, nil]]]
0x184eS0xc4dS0x8f3S0x2a3	[0x8ad, [0xbeb, [0x1813, nil]]]
0x150eS0xc3aS0x8f3S0x2a3	[0x8ad, [0xbeb, [0x1501, nil]]]
0x150fS0xc3aS0x8f3S0x2a3	[0x8ad, [0xbeb, [0x1501, nil]]]
0x1502S0xc3aS0x8f3S0x2a3	[0x8ad, [0xbeb, [0x1501, nil]]]
0x1503S0xc3aS0x8f3S0x2a3	[0x8ad, [0xbeb, [0x1501, nil]]]
0x1507S0xc3aS0x8f3S0x2a3	[0x8ad, [0xbeb, [0x1501, nil]]]
0x1508S0xc3aS0x8f3S0x2a3	[0x8ad, [0xbeb, [0x1501, nil]]]
0x1509S0xc3aS0x8f3S0x2a3	[0x8ad, [0xbeb, [0x1501, nil]]]
0x150aS0xc3aS0x8f3S0x2a3	[0x8ad, [0xbeb, [0x1501, nil]]]
0x1513S0xc3aS0x8f3S0x2a3	[0x8ad, [0xbeb, [0x1501, nil]]]
0x1514S0xc3aS0x8f3S0x2a3	[0x8ad, [0xbeb, [0x1501, nil]]]
0x1518S0xc3aS0x8f3S0x2a3	[0x8ad, [0xbeb, [0x1501, nil]]]
0x1380S0x1511S0xc3aS0x8f3S0x2a3	[0x8ad, [0xbeb, [0x1501, [0x136f, nil]]]]
0x1381S0x1511S0xc3aS0x8f3S0x2a3	[0x8ad, [0xbeb, [0x1501, [0x136f, nil]]]]
0x1370S0x1511S0xc3aS0x8f3S0x2a3	[0x8ad, [0xbeb, [0x1501, [0x136f, nil]]]]
0x1372S0x1511S0xc3aS0x8f3S0x2a3	[0x8ad, [0xbeb, [0x1501, [0x136f, nil]]]]
0x1374S0x1511S0xc3aS0x8f3S0x2a3	[0x8ad, [0xbeb, [0x1501, [0x136f, nil]]]]
0x1376S0x1511S0xc3aS0x8f3S0x2a3	[0x8ad, [0xbeb, [0x1501, [0x136f, nil]]]]
0x1377S0x1511S0xc3aS0x8f3S0x2a3	[0x8ad, [0xbeb, [0x1501, [0x136f, nil]]]]
0x1379S0x1511S0xc3aS0x8f3S0x2a3	[0x8ad, [0xbeb, [0x1501, [0x136f, nil]]]]
0x137bS0x1511S0xc3aS0x8f3S0x2a3	[0x8ad, [0xbeb, [0x1501, [0x136f, nil]]]]
0x137cS0x1511S0xc3aS0x8f3S0x2a3	[0x8ad, [0xbeb, [0x1501, [0x136f, nil]]]]
0x150eS0xc1aS0x8f3S0x2a3	[0x8ad, [0xbeb, [0x1501, nil]]]
0x150fS0xc1aS0x8f3S0x2a3	[0x8ad, [0xbeb, [0x1501, nil]]]
0x1502S0xc1aS0x8f3S0x2a3	[0x8ad, [0xbeb, [0x1501, nil]]]
0x1503S0xc1aS0x8f3S0x2a3	[0x8ad, [0xbeb, [0x1501, nil]]]
0x1507S0xc1aS0x8f3S0x2a3	[0x8ad, [0xbeb, [0x1501, nil]]]
0x1508S0xc1aS0x8f3S0x2a3	[0x8ad, [0xbeb, [0x1501, nil]]]
0x1509S0xc1aS0x8f3S0x2a3	[0x8ad, [0xbeb, [0x1501, nil]]]
0x150aS0xc1aS0x8f3S0x2a3	[0x8ad, [0xbeb, [0x1501, nil]]]
0x1513S0xc1aS0x8f3S0x2a3	[0x8ad, [0xbeb, [0x1501, nil]]]
0x1514S0xc1aS0x8f3S0x2a3	[0x8ad, [0xbeb, [0x1501, nil]]]
0x1518S0xc1aS0x8f3S0x2a3	[0x8ad, [0xbeb, [0x1501, nil]]]
0x1380S0x1511S0xc1aS0x8f3S0x2a3	[0x8ad, [0xbeb, [0x1501, [0x136f, nil]]]]
0x1381S0x1511S0xc1aS0x8f3S0x2a3	[0x8ad, [0xbeb, [0x1501, [0x136f, nil]]]]
0x1370S0x1511S0xc1aS0x8f3S0x2a3	[0x8ad, [0xbeb, [0x1501, [0x136f, nil]]]]
0x1372S0x1511S0xc1aS0x8f3S0x2a3	[0x8ad, [0xbeb, [0x1501, [0x136f, nil]]]]
0x1374S0x1511S0xc1aS0x8f3S0x2a3	[0x8ad, [0xbeb, [0x1501, [0x136f, nil]]]]
0x1376S0x1511S0xc1aS0x8f3S0x2a3	[0x8ad, [0xbeb, [0x1501, [0x136f, nil]]]]
0x1377S0x1511S0xc1aS0x8f3S0x2a3	[0x8ad, [0xbeb, [0x1501, [0x136f, nil]]]]
0x1379S0x1511S0xc1aS0x8f3S0x2a3	[0x8ad, [0xbeb, [0x1501, [0x136f, nil]]]]
0x137bS0x1511S0xc1aS0x8f3S0x2a3	[0x8ad, [0xbeb, [0x1501, [0x136f, nil]]]]
0x137cS0x1511S0xc1aS0x8f3S0x2a3	[0x8ad, [0xbeb, [0x1501, [0x136f, nil]]]]
0xad3S0x350	[0xad2, nil]
0xad9S0x350	[0xad2, nil]
0xadaS0x350	[0xad2, nil]
0xd13S0xad2S0x350	[0xad2, [0xcdc, nil]]
0xd15S0xad2S0x350	[0xad2, [0xcdc, nil]]
0xd16S0xad2S0x350	[0xad2, [0xcdc, nil]]
0xd1bS0xad2S0x350	[0xad2, [0xcdc, nil]]
0xd1dS0xad2S0x350	[0xad2, [0xcdc, nil]]
0xd20S0xad2S0x350	[0xad2, [0xcdc, nil]]
0xd22S0xad2S0x350	[0xad2, [0xcdc, nil]]
0xd23S0xad2S0x350	[0xad2, [0xcdc, nil]]
0xd25S0xad2S0x350	[0xad2, [0xcdc, nil]]
0xd28S0xad2S0x350	[0xad2, [0xcdc, nil]]
0xd45S0xad2S0x350	[0xad2, [0xcdc, nil]]
0xd46S0xad2S0x350	[0xad2, [0xcdc, nil]]
0xd47S0xad2S0x350	[0xad2, [0xcdc, nil]]
0xd48S0xad2S0x350	[0xad2, [0xcdc, nil]]
0xd4cS0xad2S0x350	[0xad2, [0xcdc, nil]]
0xd4eS0xad2S0x350	[0xad2, [0xcdc, nil]]
0xd4fS0xad2S0x350	[0xad2, [0xcdc, nil]]
0xd53S0xad2S0x350	[0xad2, [0xcdc, nil]]
0xd55S0xad2S0x350	[0xad2, [0xcdc, nil]]
0xd58S0xad2S0x350	[0xad2, [0xcdc, nil]]
0xd5aS0xad2S0x350	[0xad2, [0xcdc, nil]]
0xd5bS0xad2S0x350	[0xad2, [0xcdc, nil]]
0xd5dS0xad2S0x350	[0xad2, [0xcdc, nil]]
0xd60S0xad2S0x350	[0xad2, [0xcdc, nil]]
0xd8bS0xad2S0x350	[0xad2, [0xcdc, nil]]
0xd8fS0xad2S0x350	[0xad2, [0xcdc, nil]]
0xd90S0xad2S0x350	[0xad2, [0xcdc, nil]]
0xd92S0xad2S0x350	[0xad2, [0xcdc, nil]]
0xd95S0xad2S0x350	[0xad2, [0xcdc, nil]]
0xd98S0xad2S0x350	[0xad2, [0xcdc, nil]]
0xd9aS0xad2S0x350	[0xad2, [0xcdc, nil]]
0xd9cS0xad2S0x350	[0xad2, [0xcdc, nil]]
0xd9dS0xad2S0x350	[0xad2, [0xcdc, nil]]
0xd9fS0xad2S0x350	[0xad2, [0xcdc, nil]]
0xda1S0xad2S0x350	[0xad2, [0xcdc, nil]]
0xda2S0xad2S0x350	[0xad2, [0xcdc, nil]]
0xda3S0xad2S0x350	[0xad2, [0xcdc, nil]]
0xda7S0xad2S0x350	[0xad2, [0xcdc, nil]]
0xda8S0xad2S0x350	[0xad2, [0xcdc, nil]]
0xdaaS0xad2S0x350	[0xad2, [0xcdc, nil]]
0xdabS0xad2S0x350	[0xad2, [0xcdc, nil]]
0x1a02S0xad2S0x350	[0xad2, [0xcdc, nil]]
0x1a07S0xad2S0x350	[0xad2, [0xcdc, nil]]
0x1a09S0xad2S0x350	[0xad2, [0xcdc, nil]]
0x1a0aS0xad2S0x350	[0xad2, [0xcdc, nil]]
0x1a0cS0xad2S0x350	[0xad2, [0xcdc, nil]]
0x1a0eS0xad2S0x350	[0xad2, [0xcdc, nil]]
0x1a11S0xad2S0x350	[0xad2, [0xcdc, nil]]
0x1a13S0xad2S0x350	[0xad2, [0xcdc, nil]]
0xcdeS0xad2S0x350	[0xad2, [0xcdc, nil]]
0xce2S0xad2S0x350	[0xad2, [0xcdc, nil]]
0xce3S0xad2S0x350	[0xad2, [0xcdc, nil]]
0xce7S0xad2S0x350	[0xad2, [0xcdc, nil]]
0xce8S0xad2S0x350	[0xad2, [0xcdc, nil]]
0xceaS0xad2S0x350	[0xad2, [0xcdc, nil]]
0xcecS0xad2S0x350	[0xad2, [0xcdc, nil]]
0xcedS0xad2S0x350	[0xad2, [0xcdc, nil]]
0xcefS0xad2S0x350	[0xad2, [0xcdc, nil]]
0xcf1S0xad2S0x350	[0xad2, [0xcdc, nil]]
0xcf3S0xad2S0x350	[0xad2, [0xcdc, nil]]
0xcf4S0xad2S0x350	[0xad2, [0xcdc, nil]]
0xcf5S0xad2S0x350	[0xad2, [0xcdc, nil]]
0xcf7S0xad2S0x350	[0xad2, [0xcdc, nil]]
0xcf8S0xad2S0x350	[0xad2, [0xcdc, nil]]
0xcf9S0xad2S0x350	[0xad2, [0xcdc, nil]]
0xcfbS0xad2S0x350	[0xad2, [0xcdc, nil]]
0xd0eS0xad2S0x350	[0xad2, [0xcdc, nil]]
0xd0fS0xad2S0x350	[0xad2, [0xcdc, nil]]
0xd0d_0x0S0xad2S0x350	[0xad2, [0xcdc, nil]]
0xd2dS0xad2S0x350	[0xad2, [0xcdc, nil]]
0xd2fS0xad2S0x350	[0xad2, [0xcdc, nil]]
0xd30S0xad2S0x350	[0xad2, [0xcdc, nil]]
0xd33S0xad2S0x350	[0xad2, [0xcdc, nil]]
0xd35S0xad2S0x350	[0xad2, [0xcdc, nil]]
0xd36S0xad2S0x350	[0xad2, [0xcdc, nil]]
0xd38S0xad2S0x350	[0xad2, [0xcdc, nil]]
0xd3aS0xad2S0x350	[0xad2, [0xcdc, nil]]
0xd3cS0xad2S0x350	[0xad2, [0xcdc, nil]]
0xd3dS0xad2S0x350	[0xad2, [0xcdc, nil]]
0xd3eS0xad2S0x350	[0xad2, [0xcdc, nil]]
0xd40S0xad2S0x350	[0xad2, [0xcdc, nil]]
0xd41S0xad2S0x350	[0xad2, [0xcdc, nil]]
0xd73S0xad2S0x350	[0xad2, [0xcdc, nil]]
0xd78S0xad2S0x350	[0xad2, [0xcdc, nil]]
0xd7aS0xad2S0x350	[0xad2, [0xcdc, nil]]
0xd7bS0xad2S0x350	[0xad2, [0xcdc, nil]]
0xd7dS0xad2S0x350	[0xad2, [0xcdc, nil]]
0xd7fS0xad2S0x350	[0xad2, [0xcdc, nil]]
0xd81S0xad2S0x350	[0xad2, [0xcdc, nil]]
0xd82S0xad2S0x350	[0xad2, [0xcdc, nil]]
0xd83S0xad2S0x350	[0xad2, [0xcdc, nil]]
0xd85S0xad2S0x350	[0xad2, [0xcdc, nil]]
0xd86S0xad2S0x350	[0xad2, [0xcdc, nil]]
0xd87S0xad2S0x350	[0xad2, [0xcdc, nil]]
0xd64S0xad2S0x350	[0xad2, [0xcdc, nil]]
0xd69S0xad2S0x350	[0xad2, [0xcdc, nil]]
0xd6eS0xad2S0x350	[0xad2, [0xcdc, nil]]
0xf74S0xad2S0x350	[0xad2, [0xcdc, nil]]
0xf76S0xad2S0x350	[0xad2, [0xcdc, nil]]
0xf77S0xad2S0x350	[0xad2, [0xcdc, nil]]
0xf7cS0xad2S0x350	[0xad2, [0xcdc, nil]]
0xf7eS0xad2S0x350	[0xad2, [0xcdc, nil]]
0xf81S0xad2S0x350	[0xad2, [0xcdc, nil]]
0xf83S0xad2S0x350	[0xad2, [0xcdc, nil]]
0xf84S0xad2S0x350	[0xad2, [0xcdc, nil]]
0xf86S0xad2S0x350	[0xad2, [0xcdc, nil]]
0xf89S0xad2S0x350	[0xad2, [0xcdc, nil]]
0xf8dS0xad2S0x350	[0xad2, [0xcdc, nil]]
0xf8fS0xad2S0x350	[0xad2, [0xcdc, nil]]
0xf91S0xad2S0x350	[0xad2, [0xcdc, nil]]
0xf93S0xad2S0x350	[0xad2, [0xcdc, nil]]
0xf94S0xad2S0x350	[0xad2, [0xcdc, nil]]
0xf96S0xad2S0x350	[0xad2, [0xcdc, nil]]
0xf97S0xad2S0x350	[0xad2, [0xcdc, nil]]
0xf9bS0xad2S0x350	[0xad2, [0xcdc, nil]]
0xf9cS0xad2S0x350	[0xad2, [0xcdc, nil]]
0xf9dS0xad2S0x350	[0xad2, [0xcdc, nil]]
0xf9fS0xad2S0x350	[0xad2, [0xcdc, nil]]
0xfa2S0xad2S0x350	[0xad2, [0xcdc, nil]]
0xfa4S0xad2S0x350	[0xad2, [0xcdc, nil]]
0xfa5S0xad2S0x350	[0xad2, [0xcdc, nil]]
0xfa7S0xad2S0x350	[0xad2, [0xcdc, nil]]
0xfa9S0xad2S0x350	[0xad2, [0xcdc, nil]]
0xfacS0xad2S0x350	[0xad2, [0xcdc, nil]]
0xfafS0xad2S0x350	[0xad2, [0xcdc, nil]]
0xfb1S0xad2S0x350	[0xad2, [0xcdc, nil]]
0xfb2S0xad2S0x350	[0xad2, [0xcdc, nil]]
0xfb4S0xad2S0x350	[0xad2, [0xcdc, nil]]
0xfb6S0xad2S0x350	[0xad2, [0xcdc, nil]]
0xfb8S0xad2S0x350	[0xad2, [0xcdc, nil]]
0xfb9S0xad2S0x350	[0xad2, [0xcdc, nil]]
0xfbaS0xad2S0x350	[0xad2, [0xcdc, nil]]
0xfbfS0xad2S0x350	[0xad2, [0xcdc, nil]]
0xfc3S0xad2S0x350	[0xad2, [0xcdc, nil]]
0x718cS0xad2S0x350	[0xad2, [0xcdc, nil]]
0xfcaS0xad2S0x350	[0xad2, [0xcdc, nil]]
0xfcdS0xad2S0x350	[0xad2, [0xcdc, nil]]
0xfcfS0xad2S0x350	[0xad2, [0xcdc, nil]]
0xfd1S0xad2S0x350	[0xad2, [0xcdc, nil]]
0xfd3S0xad2S0x350	[0xad2, [0xcdc, nil]]
0xfd5S0xad2S0x350	[0xad2, [0xcdc, nil]]
0xfd7S0xad2S0x350	[0xad2, [0xcdc, nil]]
0xfd8S0xad2S0x350	[0xad2, [0xcdc, nil]]
0xfd9S0xad2S0x350	[0xad2, [0xcdc, nil]]
0xfdaS0xad2S0x350	[0xad2, [0xcdc, nil]]
0xfdbS0xad2S0x350	[0xad2, [0xcdc, nil]]
0xfdeS0xad2S0x350	[0xad2, [0xcdc, nil]]
0xfe0S0xad2S0x350	[0xad2, [0xcdc, nil]]
0xfe2S0xad2S0x350	[0xad2, [0xcdc, nil]]
0xfe4S0xad2S0x350	[0xad2, [0xcdc, nil]]
0xfe5S0xad2S0x350	[0xad2, [0xcdc, nil]]
0xfe6S0xad2S0x350	[0xad2, [0xcdc, nil]]
0xfe7S0xad2S0x350	[0xad2, [0xcdc, nil]]
0xfe8S0xad2S0x350	[0xad2, [0xcdc, nil]]
0xfedS0xad2S0x350	[0xad2, [0xcdc, nil]]
0xff2S0xad2S0x350	[0xad2, [0xcdc, nil]]
0xff4S0xad2S0x350	[0xad2, [0xcdc, nil]]
0xff6S0xad2S0x350	[0xad2, [0xcdc, nil]]
0xff8S0xad2S0x350	[0xad2, [0xcdc, nil]]
0xff9S0xad2S0x350	[0xad2, [0xcdc, nil]]
0xffaS0xad2S0x350	[0xad2, [0xcdc, nil]]
0xffbS0xad2S0x350	[0xad2, [0xcdc, nil]]
0x1000S0xad2S0x350	[0xad2, [0xcdc, nil]]
0x1001S0xad2S0x350	[0xad2, [0xcdc, nil]]
0x100aS0xad2S0x350	[0xad2, [0xcdc, nil]]
0x100bS0xad2S0x350	[0xad2, [0xcdc, nil]]
0x100cS0xad2S0x350	[0xad2, [0xcdc, nil]]
0x19e9S0xad2S0x350	[0xad2, [0xcdc, nil]]
0x19eaS0xad2S0x350	[0xad2, [0xcdc, nil]]
0x19ecS0xad2S0x350	[0xad2, [0xcdc, nil]]
0x19eeS0xad2S0x350	[0xad2, [0xcdc, nil]]
0x19f0S0xad2S0x350	[0xad2, [0xcdc, nil]]
0x19f1S0xad2S0x350	[0xad2, [0xcdc, nil]]
0x19f3S0xad2S0x350	[0xad2, [0xcdc, nil]]
0x19f4S0xad2S0x350	[0xad2, [0xcdc, nil]]
0x19f6S0xad2S0x350	[0xad2, [0xcdc, nil]]
0x19f8S0xad2S0x350	[0xad2, [0xcdc, nil]]
0x19faS0xad2S0x350	[0xad2, [0xcdc, nil]]
0x19fbS0xad2S0x350	[0xad2, [0xcdc, nil]]
0x19fdS0xad2S0x350	[0xad2, [0xcdc, nil]]
0x19feS0xad2S0x350	[0xad2, [0xcdc, nil]]
0x1a16S0xad2S0x350	[0xad2, [0xcdc, nil]]
0x1a18S0xad2S0x350	[0xad2, [0xcdc, nil]]
0xd00S0xad2S0x350	[0xad2, [0xcdc, nil]]
0xd02S0xad2S0x350	[0xad2, [0xcdc, nil]]
0xd04S0xad2S0x350	[0xad2, [0xcdc, nil]]
0xd06S0xad2S0x350	[0xad2, [0xcdc, nil]]
0xd07S0xad2S0x350	[0xad2, [0xcdc, nil]]
0xd08S0xad2S0x350	[0xad2, [0xcdc, nil]]
0xd0aS0xad2S0x350	[0xad2, [0xcdc, nil]]
0xd0bS0xad2S0x350	[0xad2, [0xcdc, nil]]
0xd0cS0xad2S0x350	[0xad2, [0xcdc, nil]]
0x360e0xcdcS0xad2S0x350	[0xad2, [0xcdc, nil]]
0xbf6S0xd63S0xad2S0x350	[0xad2, [0xcdc, [0xbeb, nil]]]
0xbfcS0xd63S0xad2S0x350	[0xad2, [0xcdc, [0xbeb, nil]]]
0xbfdS0xd63S0xad2S0x350	[0xad2, [0xcdc, [0xbeb, nil]]]
0xbf6_0x0S0xd63S0xad2S0x350	[0xad2, [0xcdc, [0xbeb, nil]]]
0xc01S0xd63S0xad2S0x350	[0xad2, [0xcdc, [0xbeb, nil]]]
0xc04S0xd63S0xad2S0x350	[0xad2, [0xcdc, [0xbeb, nil]]]
0xc3aS0xd63S0xad2S0x350	[0xad2, [0xcdc, [0xbeb, nil]]]
0xc3dS0xd63S0xad2S0x350	[0xad2, [0xcdc, [0xbeb, nil]]]
0xc40S0xd63S0xad2S0x350	[0xad2, [0xcdc, [0xbeb, nil]]]
0xc42S0xd63S0xad2S0x350	[0xad2, [0xcdc, [0xbeb, nil]]]
0xc95S0xd63S0xad2S0x350	[0xad2, [0xcdc, [0xbeb, nil]]]
0xc97S0xd63S0xad2S0x350	[0xad2, [0xcdc, [0xbeb, nil]]]
0xc9aS0xd63S0xad2S0x350	[0xad2, [0xcdc, [0xbeb, nil]]]
0xc9cS0xd63S0xad2S0x350	[0xad2, [0xcdc, [0xbeb, nil]]]
0xc9dS0xd63S0xad2S0x350	[0xad2, [0xcdc, [0xbeb, nil]]]
0xc9fS0xd63S0xad2S0x350	[0xad2, [0xcdc, [0xbeb, nil]]]
0xca0S0xd63S0xad2S0x350	[0xad2, [0xcdc, [0xbeb, nil]]]
0xca1S0xd63S0xad2S0x350	[0xad2, [0xcdc, [0xbeb, nil]]]
0xca3S0xd63S0xad2S0x350	[0xad2, [0xcdc, [0xbeb, nil]]]
0xca4S0xd63S0xad2S0x350	[0xad2, [0xcdc, [0xbeb, nil]]]
0xca7S0xd63S0xad2S0x350	[0xad2, [0xcdc, [0xbeb, nil]]]
0xcaaS0xd63S0xad2S0x350	[0xad2, [0xcdc, [0xbeb, nil]]]
0xcabS0xd63S0xad2S0x350	[0xad2, [0xcdc, [0xbeb, nil]]]
0xcacS0xd63S0xad2S0x350	[0xad2, [0xcdc, [0xbeb, nil]]]
0xcafS0xd63S0xad2S0x350	[0xad2, [0xcdc, [0xbeb, nil]]]
0xcb1S0xd63S0xad2S0x350	[0xad2, [0xcdc, [0xbeb, nil]]]
0x19ccS0xd63S0xad2S0x350	[0xad2, [0xcdc, [0xbeb, nil]]]
0x19cdS0xd63S0xad2S0x350	[0xad2, [0xcdc, [0xbeb, nil]]]
0xbecS0xd63S0xad2S0x350	[0xad2, [0xcdc, [0xbeb, nil]]]
0xc0bS0xd63S0xad2S0x350	[0xad2, [0xcdc, [0xbeb, nil]]]
0xc0dS0xd63S0xad2S0x350	[0xad2, [0xcdc, [0xbeb, nil]]]
0xc0fS0xd63S0xad2S0x350	[0xad2, [0xcdc, [0xbeb, nil]]]
0xc11S0xd63S0xad2S0x350	[0xad2, [0xcdc, [0xbeb, nil]]]
0xc16S0xd63S0xad2S0x350	[0xad2, [0xcdc, [0xbeb, nil]]]
0xc08_0x0S0xd63S0xad2S0x350	[0xad2, [0xcdc, [0xbeb, nil]]]
0x352fS0xd63S0xad2S0x350	[0xad2, [0xcdc, [0xbeb, nil]]]
0x3534S0xd63S0xad2S0x350	[0xad2, [0xcdc, [0xbeb, nil]]]
0x3536S0xd63S0xad2S0x350	[0xad2, [0xcdc, [0xbeb, nil]]]
0x3537S0xd63S0xad2S0x350	[0xad2, [0xcdc, [0xbeb, nil]]]
0x3539S0xd63S0xad2S0x350	[0xad2, [0xcdc, [0xbeb, nil]]]
0x353bS0xd63S0xad2S0x350	[0xad2, [0xcdc, [0xbeb, nil]]]
0x353eS0xd63S0xad2S0x350	[0xad2, [0xcdc, [0xbeb, nil]]]
0x3540S0xd63S0xad2S0x350	[0xad2, [0xcdc, [0xbeb, nil]]]
0xc1dS0xd63S0xad2S0x350	[0xad2, [0xcdc, [0xbeb, nil]]]
0xc1fS0xd63S0xad2S0x350	[0xad2, [0xcdc, [0xbeb, nil]]]
0xc22S0xd63S0xad2S0x350	[0xad2, [0xcdc, [0xbeb, nil]]]
0xc25S0xd63S0xad2S0x350	[0xad2, [0xcdc, [0xbeb, nil]]]
0xc27S0xd63S0xad2S0x350	[0xad2, [0xcdc, [0xbeb, nil]]]
0x19bcS0xd63S0xad2S0x350	[0xad2, [0xcdc, [0xbeb, nil]]]
0x19beS0xd63S0xad2S0x350	[0xad2, [0xcdc, [0xbeb, nil]]]
0x19bfS0xd63S0xad2S0x350	[0xad2, [0xcdc, [0xbeb, nil]]]
0x19c1S0xd63S0xad2S0x350	[0xad2, [0xcdc, [0xbeb, nil]]]
0x19c3S0xd63S0xad2S0x350	[0xad2, [0xcdc, [0xbeb, nil]]]
0x19c4S0xd63S0xad2S0x350	[0xad2, [0xcdc, [0xbeb, nil]]]
0x19c5S0xd63S0xad2S0x350	[0xad2, [0xcdc, [0xbeb, nil]]]
0x19c7S0xd63S0xad2S0x350	[0xad2, [0xcdc, [0xbeb, nil]]]
0x19c8S0xd63S0xad2S0x350	[0xad2, [0xcdc, [0xbeb, nil]]]
0xc2cS0xd63S0xad2S0x350	[0xad2, [0xcdc, [0xbeb, nil]]]
0xc2eS0xd63S0xad2S0x350	[0xad2, [0xcdc, [0xbeb, nil]]]
0xc30S0xd63S0xad2S0x350	[0xad2, [0xcdc, [0xbeb, nil]]]
0xc32S0xd63S0xad2S0x350	[0xad2, [0xcdc, [0xbeb, nil]]]
0xc33S0xd63S0xad2S0x350	[0xad2, [0xcdc, [0xbeb, nil]]]
0xc34S0xd63S0xad2S0x350	[0xad2, [0xcdc, [0xbeb, nil]]]
0xc35S0xd63S0xad2S0x350	[0xad2, [0xcdc, [0xbeb, nil]]]
0xc36S0xd63S0xad2S0x350	[0xad2, [0xcdc, [0xbeb, nil]]]
0xc4cS0xd63S0xad2S0x350	[0xad2, [0xcdc, [0xbeb, nil]]]
0xc47S0xd63S0xad2S0x350	[0xad2, [0xcdc, [0xbeb, nil]]]
0xc50S0xd63S0xad2S0x350	[0xad2, [0xcdc, [0xbeb, nil]]]
0xc52S0xd63S0xad2S0x350	[0xad2, [0xcdc, [0xbeb, nil]]]
0xc54S0xd63S0xad2S0x350	[0xad2, [0xcdc, [0xbeb, nil]]]
0xc56S0xd63S0xad2S0x350	[0xad2, [0xcdc, [0xbeb, nil]]]
0xc58S0xd63S0xad2S0x350	[0xad2, [0xcdc, [0xbeb, nil]]]
0xc59S0xd63S0xad2S0x350	[0xad2, [0xcdc, [0xbeb, nil]]]
0xc5bS0xd63S0xad2S0x350	[0xad2, [0xcdc, [0xbeb, nil]]]
0xc5cS0xd63S0xad2S0x350	[0xad2, [0xcdc, [0xbeb, nil]]]
0xc5fS0xd63S0xad2S0x350	[0xad2, [0xcdc, [0xbeb, nil]]]
0xc60S0xd63S0xad2S0x350	[0xad2, [0xcdc, [0xbeb, nil]]]
0xc61S0xd63S0xad2S0x350	[0xad2, [0xcdc, [0xbeb, nil]]]
0xc64S0xd63S0xad2S0x350	[0xad2, [0xcdc, [0xbeb, nil]]]
0xc67S0xd63S0xad2S0x350	[0xad2, [0xcdc, [0xbeb, nil]]]
0xc69S0xd63S0xad2S0x350	[0xad2, [0xcdc, [0xbeb, nil]]]
0xc4d_0x0S0xd63S0xad2S0x350	[0xad2, [0xcdc, [0xbeb, nil]]]
0xc6eS0xd63S0xad2S0x350	[0xad2, [0xcdc, [0xbeb, nil]]]
0xc70S0xd63S0xad2S0x350	[0xad2, [0xcdc, [0xbeb, nil]]]
0xc71S0xd63S0xad2S0x350	[0xad2, [0xcdc, [0xbeb, nil]]]
0xc77S0xd63S0xad2S0x350	[0xad2, [0xcdc, [0xbeb, nil]]]
0xc7cS0xd63S0xad2S0x350	[0xad2, [0xcdc, [0xbeb, nil]]]
0xc7dS0xd63S0xad2S0x350	[0xad2, [0xcdc, [0xbeb, nil]]]
0xc7fS0xd63S0xad2S0x350	[0xad2, [0xcdc, [0xbeb, nil]]]
0xc82S0xd63S0xad2S0x350	[0xad2, [0xcdc, [0xbeb, nil]]]
0xc86S0xd63S0xad2S0x350	[0xad2, [0xcdc, [0xbeb, nil]]]
0xc87S0xd63S0xad2S0x350	[0xad2, [0xcdc, [0xbeb, nil]]]
0xc8cS0xd63S0xad2S0x350	[0xad2, [0xcdc, [0xbeb, nil]]]
0xc8eS0xd63S0xad2S0x350	[0xad2, [0xcdc, [0xbeb, nil]]]
0xc90S0xd63S0xad2S0x350	[0xad2, [0xcdc, [0xbeb, nil]]]
0xc91S0xd63S0xad2S0x350	[0xad2, [0xcdc, [0xbeb, nil]]]
0x19deS0xd63S0xad2S0x350	[0xad2, [0xcdc, [0xbeb, nil]]]
0x19e0S0xd63S0xad2S0x350	[0xad2, [0xcdc, [0xbeb, nil]]]
0xcb6S0xd63S0xad2S0x350	[0xad2, [0xcdc, [0xbeb, nil]]]
0xcc1S0xd63S0xad2S0x350	[0xad2, [0xcdc, [0xbeb, nil]]]
0xccfS0xd63S0xad2S0x350	[0xad2, [0xcdc, [0xbeb, nil]]]
0xcd3S0xd63S0xad2S0x350	[0xad2, [0xcdc, [0xbeb, nil]]]
0xcd6S0xd63S0xad2S0x350	[0xad2, [0xcdc, [0xbeb, nil]]]
0xccc_0x4S0xd63S0xad2S0x350	[0xad2, [0xcdc, [0xbeb, nil]]]
0xbf0S0xd63S0xad2S0x350	[0xad2, [0xcdc, [0xbeb, nil]]]
0xbf1S0xd63S0xad2S0x350	[0xad2, [0xcdc, [0xbeb, nil]]]
0xbf2S0xd63S0xad2S0x350	[0xad2, [0xcdc, [0xbeb, nil]]]
0xbed_0x0S0xd63S0xad2S0x350	[0xad2, [0xcdc, [0xbeb, nil]]]
0x19d3S0xd63S0xad2S0x350	[0xad2, [0xcdc, [0xbeb, nil]]]
0xcc6S0xd63S0xad2S0x350	[0xad2, [0xcdc, [0xbeb, nil]]]
0xcc7S0xd63S0xad2S0x350	[0xad2, [0xcdc, [0xbeb, nil]]]
0xccaS0xd63S0xad2S0x350	[0xad2, [0xcdc, [0xbeb, nil]]]
0xcc5_0x0S0xd63S0xad2S0x350	[0xad2, [0xcdc, [0xbeb, nil]]]
0x1825S0xc4dS0xd63S0xad2S0x350	[0xad2, [0xcdc, [0xbeb, [0x1813, nil]]]]
0x1826S0xc4dS0xd63S0xad2S0x350	[0xad2, [0xcdc, [0xbeb, [0x1813, nil]]]]
0x183eS0xc4dS0xd63S0xad2S0x350	[0xad2, [0xcdc, [0xbeb, [0x1813, nil]]]]
0x183fS0xc4dS0xd63S0xad2S0x350	[0xad2, [0xcdc, [0xbeb, [0x1813, nil]]]]
0x1852S0xc4dS0xd63S0xad2S0x350	[0xad2, [0xcdc, [0xbeb, [0x1813, nil]]]]
0x1853S0xc4dS0xd63S0xad2S0x350	[0xad2, [0xcdc, [0xbeb, [0x1813, nil]]]]
0x1814S0xc4dS0xd63S0xad2S0x350	[0xad2, [0xcdc, [0xbeb, [0x1813, nil]]]]
0x1815S0xc4dS0xd63S0xad2S0x350	[0xad2, [0xcdc, [0xbeb, [0x1813, nil]]]]
0x1817S0xc4dS0xd63S0xad2S0x350	[0xad2, [0xcdc, [0xbeb, [0x1813, nil]]]]
0x1818S0xc4dS0xd63S0xad2S0x350	[0xad2, [0xcdc, [0xbeb, [0x1813, nil]]]]
0x181aS0xc4dS0xd63S0xad2S0x350	[0xad2, [0xcdc, [0xbeb, [0x1813, nil]]]]
0x181cS0xc4dS0xd63S0xad2S0x350	[0xad2, [0xcdc, [0xbeb, [0x1813, nil]]]]
0x181dS0xc4dS0xd63S0xad2S0x350	[0xad2, [0xcdc, [0xbeb, [0x1813, nil]]]]
0x181eS0xc4dS0xd63S0xad2S0x350	[0xad2, [0xcdc, [0xbeb, [0x1813, nil]]]]
0x1820S0xc4dS0xd63S0xad2S0x350	[0xad2, [0xcdc, [0xbeb, [0x1813, nil]]]]
0x1821S0xc4dS0xd63S0xad2S0x350	[0xad2, [0xcdc, [0xbeb, [0x1813, nil]]]]
0x182aS0xc4dS0xd63S0xad2S0x350	[0xad2, [0xcdc, [0xbeb, [0x1813, nil]]]]
0x182cS0xc4dS0xd63S0xad2S0x350	[0xad2, [0xcdc, [0xbeb, [0x1813, nil]]]]
0x182fS0xc4dS0xd63S0xad2S0x350	[0xad2, [0xcdc, [0xbeb, [0x1813, nil]]]]
0x1831S0xc4dS0xd63S0xad2S0x350	[0xad2, [0xcdc, [0xbeb, [0x1813, nil]]]]
0x1833S0xc4dS0xd63S0xad2S0x350	[0xad2, [0xcdc, [0xbeb, [0x1813, nil]]]]
0x1835S0xc4dS0xd63S0xad2S0x350	[0xad2, [0xcdc, [0xbeb, [0x1813, nil]]]]
0x1836S0xc4dS0xd63S0xad2S0x350	[0xad2, [0xcdc, [0xbeb, [0x1813, nil]]]]
0x1838S0xc4dS0xd63S0xad2S0x350	[0xad2, [0xcdc, [0xbeb, [0x1813, nil]]]]
0x1839S0xc4dS0xd63S0xad2S0x350	[0xad2, [0xcdc, [0xbeb, [0x1813, nil]]]]
0x183aS0xc4dS0xd63S0xad2S0x350	[0xad2, [0xcdc, [0xbeb, [0x1813, nil]]]]
0x1842S0xc4dS0xd63S0xad2S0x350	[0xad2, [0xcdc, [0xbeb, [0x1813, nil]]]]
0x1844S0xc4dS0xd63S0xad2S0x350	[0xad2, [0xcdc, [0xbeb, [0x1813, nil]]]]
0x1847S0xc4dS0xd63S0xad2S0x350	[0xad2, [0xcdc, [0xbeb, [0x1813, nil]]]]
0x184aS0xc4dS0xd63S0xad2S0x350	[0xad2, [0xcdc, [0xbeb, [0x1813, nil]]]]
0x184cS0xc4dS0xd63S0xad2S0x350	[0xad2, [0xcdc, [0xbeb, [0x1813, nil]]]]
0x184dS0xc4dS0xd63S0xad2S0x350	[0xad2, [0xcdc, [0xbeb, [0x1813, nil]]]]
0x184eS0xc4dS0xd63S0xad2S0x350	[0xad2, [0xcdc, [0xbeb, [0x1813, nil]]]]
0x150eS0xc3aS0xd63S0xad2S0x350	[0xad2, [0xcdc, [0xbeb, [0x1501, nil]]]]
0x150fS0xc3aS0xd63S0xad2S0x350	[0xad2, [0xcdc, [0xbeb, [0x1501, nil]]]]
0x1502S0xc3aS0xd63S0xad2S0x350	[0xad2, [0xcdc, [0xbeb, [0x1501, nil]]]]
0x1503S0xc3aS0xd63S0xad2S0x350	[0xad2, [0xcdc, [0xbeb, [0x1501, nil]]]]
0x1507S0xc3aS0xd63S0xad2S0x350	[0xad2, [0xcdc, [0xbeb, [0x1501, nil]]]]
0x1508S0xc3aS0xd63S0xad2S0x350	[0xad2, [0xcdc, [0xbeb, [0x1501, nil]]]]
0x1509S0xc3aS0xd63S0xad2S0x350	[0xad2, [0xcdc, [0xbeb, [0x1501, nil]]]]
0x150aS0xc3aS0xd63S0xad2S0x350	[0xad2, [0xcdc, [0xbeb, [0x1501, nil]]]]
0x1513S0xc3aS0xd63S0xad2S0x350	[0xad2, [0xcdc, [0xbeb, [0x1501, nil]]]]
0x1514S0xc3aS0xd63S0xad2S0x350	[0xad2, [0xcdc, [0xbeb, [0x1501, nil]]]]
0x1518S0xc3aS0xd63S0xad2S0x350	[0xad2, [0xcdc, [0xbeb, [0x1501, nil]]]]
0x1380S0x1511S0xc3aS0xd63S0xad2S0x350	[0xad2, [0xcdc, [0xbeb, [0x1501, [0x136f, nil]]]]]
0x1381S0x1511S0xc3aS0xd63S0xad2S0x350	[0xad2, [0xcdc, [0xbeb, [0x1501, [0x136f, nil]]]]]
0x1370S0x1511S0xc3aS0xd63S0xad2S0x350	[0xad2, [0xcdc, [0xbeb, [0x1501, [0x136f, nil]]]]]
0x1372S0x1511S0xc3aS0xd63S0xad2S0x350	[0xad2, [0xcdc, [0xbeb, [0x1501, [0x136f, nil]]]]]
0x1374S0x1511S0xc3aS0xd63S0xad2S0x350	[0xad2, [0xcdc, [0xbeb, [0x1501, [0x136f, nil]]]]]
0x1376S0x1511S0xc3aS0xd63S0xad2S0x350	[0xad2, [0xcdc, [0xbeb, [0x1501, [0x136f, nil]]]]]
0x1377S0x1511S0xc3aS0xd63S0xad2S0x350	[0xad2, [0xcdc, [0xbeb, [0x1501, [0x136f, nil]]]]]
0x1379S0x1511S0xc3aS0xd63S0xad2S0x350	[0xad2, [0xcdc, [0xbeb, [0x1501, [0x136f, nil]]]]]
0x137bS0x1511S0xc3aS0xd63S0xad2S0x350	[0xad2, [0xcdc, [0xbeb, [0x1501, [0x136f, nil]]]]]
0x137cS0x1511S0xc3aS0xd63S0xad2S0x350	[0xad2, [0xcdc, [0xbeb, [0x1501, [0x136f, nil]]]]]
0x150eS0xc1aS0xd63S0xad2S0x350	[0xad2, [0xcdc, [0xbeb, [0x1501, nil]]]]
0x150fS0xc1aS0xd63S0xad2S0x350	[0xad2, [0xcdc, [0xbeb, [0x1501, nil]]]]
0x1502S0xc1aS0xd63S0xad2S0x350	[0xad2, [0xcdc, [0xbeb, [0x1501, nil]]]]
0x1503S0xc1aS0xd63S0xad2S0x350	[0xad2, [0xcdc, [0xbeb, [0x1501, nil]]]]
0x1507S0xc1aS0xd63S0xad2S0x350	[0xad2, [0xcdc, [0xbeb, [0x1501, nil]]]]
0x1508S0xc1aS0xd63S0xad2S0x350	[0xad2, [0xcdc, [0xbeb, [0x1501, nil]]]]
0x1509S0xc1aS0xd63S0xad2S0x350	[0xad2, [0xcdc, [0xbeb, [0x1501, nil]]]]
0x150aS0xc1aS0xd63S0xad2S0x350	[0xad2, [0xcdc, [0xbeb, [0x1501, nil]]]]
0x1513S0xc1aS0xd63S0xad2S0x350	[0xad2, [0xcdc, [0xbeb, [0x1501, nil]]]]
0x1514S0xc1aS0xd63S0xad2S0x350	[0xad2, [0xcdc, [0xbeb, [0x1501, nil]]]]
0x1518S0xc1aS0xd63S0xad2S0x350	[0xad2, [0xcdc, [0xbeb, [0x1501, nil]]]]
0x1380S0x1511S0xc1aS0xd63S0xad2S0x350	[0xad2, [0xcdc, [0xbeb, [0x1501, [0x136f, nil]]]]]
0x1381S0x1511S0xc1aS0xd63S0xad2S0x350	[0xad2, [0xcdc, [0xbeb, [0x1501, [0x136f, nil]]]]]
0x1370S0x1511S0xc1aS0xd63S0xad2S0x350	[0xad2, [0xcdc, [0xbeb, [0x1501, [0x136f, nil]]]]]
0x1372S0x1511S0xc1aS0xd63S0xad2S0x350	[0xad2, [0xcdc, [0xbeb, [0x1501, [0x136f, nil]]]]]
0x1374S0x1511S0xc1aS0xd63S0xad2S0x350	[0xad2, [0xcdc, [0xbeb, [0x1501, [0x136f, nil]]]]]
0x1376S0x1511S0xc1aS0xd63S0xad2S0x350	[0xad2, [0xcdc, [0xbeb, [0x1501, [0x136f, nil]]]]]
0x1377S0x1511S0xc1aS0xd63S0xad2S0x350	[0xad2, [0xcdc, [0xbeb, [0x1501, [0x136f, nil]]]]]
0x1379S0x1511S0xc1aS0xd63S0xad2S0x350	[0xad2, [0xcdc, [0xbeb, [0x1501, [0x136f, nil]]]]]
0x137bS0x1511S0xc1aS0xd63S0xad2S0x350	[0xad2, [0xcdc, [0xbeb, [0x1501, [0x136f, nil]]]]]
0x137cS0x1511S0xc1aS0xd63S0xad2S0x350	[0xad2, [0xcdc, [0xbeb, [0x1501, [0x136f, nil]]]]]
0x181	nil
0x1a0	nil
0x104	nil
0x138	nil
0x17c	nil
0x34f	nil
0x1e7	nil
0x206	nil
0x225	nil
0x288	nil
0x30e	nil
0x36e	nil
0x109	nil
0x1c8	nil
0x2ef	nil
0x33c	nil
0x2a7	nil
0x354	nil
0x713d	nil
0x7140	nil
0x7143	nil
0x7146	nil
0x7149	nil
0x714c	nil
0x714f	nil
0x7152	nil
0x7155	nil
0x7158	nil
0x715b	nil
0x715e	nil
0x7161	nil
0x7164	nil
0x7167	nil
0x716a	nil
0x7190	nil
0x149	nil
0x19b	nil
0x1cd	nil
0x1ec	nil
0x20b	nil
0x261	nil
0x275	nil
0x2a2	nil
0x2d5	nil
0x2f4	nil
0x322	nil
0x341	nil
0x380	nil
0x734	nil
0x7bb	nil
0x845	nil
0x89a	nil
0x8ac	nil
0xa4c	nil
0xa8d	nil
0xac6	nil
0xad1	nil
0x14da	nil
0x1620	nil
0x6c77	nil
0x6caf	nil
0x6cdc	nil
0x6dc5	nil
0x6e1e	nil
0x6ebd	nil
0x1c	nil
0x27	nil
0x8e	nil
0xf2	nil
0x126	nil
0x16a	nil
0x189	nil
0x1b6	nil
0x1d5	nil
0x1f4	nil
0x213	nil
0x269	nil
0x290	nil
0x2af	nil
0x2dd	nil
0x2fc	nil
0x32a	nil
0x35c	nil
0x73c	nil
0x7c3	nil
0x96f	nil
0x9bd	nil
0x9ec	nil
0xa70	nil
0xa84	nil
0xaa1	nil
0xabd	nil
0x1488	nil
0x14a0	nil
0x14b5	nil
0x15ed	nil
0x1602	nil
0x711a	nil
0x711c	nil
0x711e	nil
0x7120	nil
0x7122	nil
0x7124	nil
0x7126	nil
0x7128	nil
0x712a	nil
0x712c	nil
0x712e	nil
0x7130	nil
0x7132	nil
0x7134	nil
0x7136	nil
0x7138	nil
0x713a	nil
0x1491	nil
0x7b9	nil
0x843	nil
0x54	nil
0x82	nil
0xbb	nil
0xea	nil
0x6c3f	nil
0x6d2a	nil
0x6d4b	nil
0x6d6c	nil
0x6de6	nil
0x11e0xeb	nil
0x11e0x11f	nil
0x11e0x163	nil
0x11e0x182	nil
0x11e0x20c	nil
0x11e0x262	nil
0x11e0x2a8	nil
0x11e0x2f5	nil
0x11e0x323	nil
0x11e0x355	nil
0xf5	nil
0x129	nil
0x16d	nil
0x18c	nil
0x1b9	nil
0x1d8	nil
0x1f7	nil
0x216	nil
0x26c	nil
0x293	nil
0x2b2	nil
0x2e0	nil
0x2ff	nil
0x32d	nil
0x35f	nil
0x754	nil
0x7db	nil
0x987	nil
0x9d5	nil
0xa04	nil
0x148b	nil
0x14a3	nil
0x14b8	nil
0x15f0	nil
0x1605	nil
0x233	nil
0x257	nil
0x2ce	nil
0x6fe	nil
0x70c	nil
0x711	nil
0x749	nil
0x763	nil
0x787	nil
0x7d0	nil
0x7ea	nil
0x80e	nil
0x85e	nil
0x862	nil
0x87f	nil
0x887	nil
0x88b	nil
0x898	nil
0x97c	nil
0x991	nil
0x99f	nil
0x9a2	nil
0x9ca	nil
0x9f9	nil
0xa17	nil
0xa25	nil
0xa28	nil
0x6c70	nil
0x6ca8	nil
0x6cd5	nil
0x6dbe	nil
0x6e17	nil
0x1120xeb	nil
0x1120x20c	nil
0x1120x323	nil
0x794	nil
0x81e	nil
0xa4a	nil
0x39bS0x105	[0x381, nil]
0x3b6S0x105	[0x381, nil]
0x3d1S0x105	[0x381, nil]
0x14eaS0x1ba	[0x14db, nil]
0x1500S0x1ba	[0x14db, nil]
0x14e7S0x1ba	[0x14db, nil]
0x14fdS0x1ba	[0x14db, nil]
0x7034S0x1ba	[0x14db, nil]
0x1630S0x2e1	[0x1621, nil]
0x162dS0x2e1	[0x1621, nil]
0x1637S0x2e1	[0x1621, nil]
0x1630S0x32e	[0x1621, nil]
0x162dS0x32e	[0x1621, nil]
0x1637S0x32e	[0x1621, nil]
0x1363S0xf6	[0x1354, nil]
0x1360S0xf6	[0x1354, nil]
0x136eS0xf6	[0x1354, nil]
0x6fc6S0xf6	[0x1354, nil]
0x1350S0x1364S0xf6	[0x1354, [0x133c, nil]]
0x6fa0S0x1364S0xf6	[0x1354, [0x133c, nil]]
0x134dS0x1364S0xf6	[0x1354, [0x133c, nil]]
0x13daS0x12a	[0x13c7, nil]
0x1416S0x12a	[0x13c7, nil]
0x13d7S0x12a	[0x13c7, nil]
0x13e5S0x12a	[0x13c7, nil]
0x13f5S0x12a	[0x13c7, nil]
0x1413S0x12a	[0x13c7, nil]
0x1422S0x12a	[0x13c7, nil]
0x1433S0x12a	[0x13c7, nil]
0x1382S0x13dbS0x12a	[0x13c7, [0x136f, nil]]
0x6fe8S0x13dbS0x12a	[0x13c7, [0x136f, nil]]
0x137fS0x13dbS0x12a	[0x13c7, [0x136f, nil]]
0x1382S0x13e6S0x12a	[0x13c7, [0x136f, nil]]
0x6fe8S0x13e6S0x12a	[0x13c7, [0x136f, nil]]
0x137fS0x13e6S0x12a	[0x13c7, [0x136f, nil]]
0x1392S0x1417S0x12a	[0x13c7, [0x1383, nil]]
0x13a8S0x1417S0x12a	[0x13c7, [0x1383, nil]]
0x13bfS0x1417S0x12a	[0x13c7, [0x1383, nil]]
0x13a5S0x1417S0x12a	[0x13c7, [0x1383, nil]]
0x13bcS0x1417S0x12a	[0x13c7, [0x1383, nil]]
0x700eS0x1417S0x12a	[0x13c7, [0x1383, nil]]
0x138fS0x1417S0x12a	[0x13c7, [0x1383, nil]]
0x1445S0x16e	[0x1434, nil]
0x1461S0x16e	[0x1434, nil]
0x1442S0x16e	[0x1434, nil]
0x145eS0x16e	[0x1434, nil]
0x146dS0x16e	[0x1434, nil]
0x147aS0x16e	[0x1434, nil]
0x1392S0x1462S0x16e	[0x1434, [0x1383, nil]]
0x13a8S0x1462S0x16e	[0x1434, [0x1383, nil]]
0x13bfS0x1462S0x16e	[0x1434, [0x1383, nil]]
0x13a5S0x1462S0x16e	[0x1434, [0x1383, nil]]
0x13bcS0x1462S0x16e	[0x1434, [0x1383, nil]]
0x700eS0x1462S0x16e	[0x1434, [0x1383, nil]]
0x138fS0x1462S0x16e	[0x1434, [0x1383, nil]]
0x3e6S0x17d	[0x3d2, nil]
0x3f8S0x17d	[0x3d2, nil]
0x3dcS0x17d	[0x3d2, nil]
0x415S0x17d	[0x3d2, nil]
0x3ebS0x17d	[0x3d2, nil]
0x408S0x17d	[0x3d2, nil]
0x6e44S0x17d	[0x3d2, nil]
0x42fS0x17d	[0x3d2, nil]
0x42dS0x17d	[0x3d2, nil]
0xb32S0x3ddS0x17d	[0x3d2, [0xae3, nil]]
0xb27S0x3ddS0x17d	[0x3d2, [0xae3, nil]]
0xb83S0x3ddS0x17d	[0x3d2, [0xae3, nil]]
0xb80S0x3ddS0x17d	[0x3d2, [0xae3, nil]]
0xbb7S0x3ddS0x17d	[0x3d2, [0xae3, nil]]
0xbacS0x3ddS0x17d	[0x3d2, [0xae3, nil]]
0xb1aS0x3ddS0x17d	[0x3d2, [0xae3, nil]]
0xb7cS0x3ddS0x17d	[0x3d2, [0xae3, nil]]
0xb3bS0x3ddS0x17d	[0x3d2, [0xae3, nil]]
0xb42S0x3ddS0x17d	[0x3d2, [0xae3, nil]]
0xb45S0x3ddS0x17d	[0x3d2, [0xae3, nil]]
0xb50S0x3ddS0x17d	[0x3d2, [0xae3, nil]]
0xb57S0x3ddS0x17d	[0x3d2, [0xae3, nil]]
0xb5eS0x3ddS0x17d	[0x3d2, [0xae3, nil]]
0xb9fS0x3ddS0x17d	[0x3d2, [0xae3, nil]]
0xbceS0x3ddS0x17d	[0x3d2, [0xae3, nil]]
0xbe3S0x409S0x17d	[0x3d2, [0xbcf, nil]]
0x51cS0x19c	[0x4e8, nil]
0x511S0x19c	[0x4e8, nil]
0x541S0x19c	[0x4e8, nil]
0x561S0x19c	[0x4e8, nil]
0x553S0x19c	[0x4e8, nil]
0x556S0x19c	[0x4e8, nil]
0x55dS0x19c	[0x4e8, nil]
0x594S0x19c	[0x4e8, nil]
0x5a4S0x19c	[0x4e8, nil]
0x504S0x19c	[0x4e8, nil]
0x523S0x19c	[0x4e8, nil]
0x579S0x19c	[0x4e8, nil]
0x583S0x19c	[0x4e8, nil]
0x5c4S0x19c	[0x4e8, nil]
0x59eS0x19c	[0x4e8, nil]
0x599S0x19c	[0x4e8, nil]
0x5b0S0x19c	[0x4e8, nil]
0x6e6aS0x19c	[0x4e8, nil]
0x5e3S0x19c	[0x4e8, nil]
0x5e1S0x19c	[0x4e8, nil]
0x5c9S0x19c	[0x4e8, nil]
0x1827S0x584S0x19c	[0x4e8, [0x1813, nil]]
0x1840S0x584S0x19c	[0x4e8, [0x1813, nil]]
0x1854S0x584S0x19c	[0x4e8, [0x1813, nil]]
0x1824S0x584S0x19c	[0x4e8, [0x1813, nil]]
0x183dS0x584S0x19c	[0x4e8, [0x1813, nil]]
0x1851S0x584S0x19c	[0x4e8, [0x1813, nil]]
0x70ccS0x584S0x19c	[0x4e8, [0x1813, nil]]
0x1827S0x56cS0x19c	[0x4e8, [0x1813, nil]]
0x1840S0x56cS0x19c	[0x4e8, [0x1813, nil]]
0x1854S0x56cS0x19c	[0x4e8, [0x1813, nil]]
0x1824S0x56cS0x19c	[0x4e8, [0x1813, nil]]
0x183dS0x56cS0x19c	[0x4e8, [0x1813, nil]]
0x1851S0x56cS0x19c	[0x4e8, [0x1813, nil]]
0x70ccS0x56cS0x19c	[0x4e8, [0x1813, nil]]
0x1827S0x5b1S0x19c	[0x4e8, [0x1813, nil]]
0x1840S0x5b1S0x19c	[0x4e8, [0x1813, nil]]
0x1854S0x5b1S0x19c	[0x4e8, [0x1813, nil]]
0x1824S0x5b1S0x19c	[0x4e8, [0x1813, nil]]
0x183dS0x5b1S0x19c	[0x4e8, [0x1813, nil]]
0x1851S0x5b1S0x19c	[0x4e8, [0x1813, nil]]
0x70ccS0x5b1S0x19c	[0x4e8, [0x1813, nil]]
0xb32S0x595S0x19c	[0x4e8, [0xae3, nil]]
0xb27S0x595S0x19c	[0x4e8, [0xae3, nil]]
0xb83S0x595S0x19c	[0x4e8, [0xae3, nil]]
0xb80S0x595S0x19c	[0x4e8, [0xae3, nil]]
0xbb7S0x595S0x19c	[0x4e8, [0xae3, nil]]
0xbacS0x595S0x19c	[0x4e8, [0xae3, nil]]
0xb1aS0x595S0x19c	[0x4e8, [0xae3, nil]]
0xb7cS0x595S0x19c	[0x4e8, [0xae3, nil]]
0xb3bS0x595S0x19c	[0x4e8, [0xae3, nil]]
0xb42S0x595S0x19c	[0x4e8, [0xae3, nil]]
0xb45S0x595S0x19c	[0x4e8, [0xae3, nil]]
0xb50S0x595S0x19c	[0x4e8, [0xae3, nil]]
0xb57S0x595S0x19c	[0x4e8, [0xae3, nil]]
0xb5eS0x595S0x19c	[0x4e8, [0xae3, nil]]
0xb9fS0x595S0x19c	[0x4e8, [0xae3, nil]]
0xbceS0x595S0x19c	[0x4e8, [0xae3, nil]]
0xbe3S0x5c5S0x19c	[0x4e8, [0xbcf, nil]]
0x1510S0x1d9	[0x1501, nil]
0x150dS0x1d9	[0x1501, nil]
0x151bS0x1d9	[0x1501, nil]
0x705aS0x1d9	[0x1501, nil]
0x1382S0x1511S0x1d9	[0x1501, [0x136f, nil]]
0x6fe8S0x1511S0x1d9	[0x1501, [0x136f, nil]]
0x137fS0x1511S0x1d9	[0x1501, [0x136f, nil]]
0x1510S0x1f8	[0x1501, nil]
0x150dS0x1f8	[0x1501, nil]
0x151bS0x1f8	[0x1501, nil]
0x705aS0x1f8	[0x1501, nil]
0x1382S0x1511S0x1f8	[0x1501, [0x136f, nil]]
0x6fe8S0x1511S0x1f8	[0x1501, [0x136f, nil]]
0x137fS0x1511S0x1f8	[0x1501, [0x136f, nil]]
0x1510S0x217	[0x1501, nil]
0x150dS0x217	[0x1501, nil]
0x151bS0x217	[0x1501, nil]
0x705aS0x217	[0x1501, nil]
0x1382S0x1511S0x217	[0x1501, [0x136f, nil]]
0x6fe8S0x1511S0x217	[0x1501, [0x136f, nil]]
0x137fS0x1511S0x217	[0x1501, [0x136f, nil]]
0x1567S0x276	[0x154a, nil]
0x1553S0x276	[0x154a, nil]
0x155aS0x276	[0x154a, nil]
0x1579S0x276	[0x154a, nil]
0x1570S0x276	[0x154a, nil]
0x1581S0x276	[0x154a, nil]
0x1590S0x276	[0x154a, nil]
0x1597S0x276	[0x154a, nil]
0x159fS0x276	[0x154a, nil]
0x15a4S0x276	[0x154a, nil]
0x15dfS0x276	[0x154a, nil]
0x15b9S0x276	[0x154a, nil]
0x15ceS0x276	[0x154a, nil]
0x15bdS0x276	[0x154a, nil]
0x1549S0x154aS0x276	[0x154a, [0x151c, nil]]
0x1522S0x154aS0x276	[0x154a, [0x151c, nil]]
0x1534S0x154aS0x276	[0x154a, [0x151c, nil]]
0x152cS0x154aS0x276	[0x154a, [0x151c, nil]]
0x1549S0x1568S0x276	[0x154a, [0x151c, nil]]
0x1522S0x1568S0x276	[0x154a, [0x151c, nil]]
0x1534S0x1568S0x276	[0x154a, [0x151c, nil]]
0x152cS0x1568S0x276	[0x154a, [0x151c, nil]]
0x168eS0x300	[0x1678, nil]
0x16c3S0x300	[0x1678, nil]
0x16edS0x300	[0x1678, nil]
0x1717S0x300	[0x1678, nil]
0x168bS0x300	[0x1678, nil]
0x1699S0x300	[0x1678, nil]
0x16a9S0x300	[0x1678, nil]
0x16c0S0x300	[0x1678, nil]
0x16cfS0x300	[0x1678, nil]
0x16eaS0x300	[0x1678, nil]
0x16f9S0x300	[0x1678, nil]
0x1714S0x300	[0x1678, nil]
0x1723S0x300	[0x1678, nil]
0x1737S0x300	[0x1678, nil]
0x1382S0x168fS0x300	[0x1678, [0x136f, nil]]
0x6fe8S0x168fS0x300	[0x1678, [0x136f, nil]]
0x137fS0x168fS0x300	[0x1678, [0x136f, nil]]
0x1382S0x169aS0x300	[0x1678, [0x136f, nil]]
0x6fe8S0x169aS0x300	[0x1678, [0x136f, nil]]
0x137fS0x169aS0x300	[0x1678, [0x136f, nil]]
0x1647S0x16c4S0x300	[0x1678, [0x1638, nil]]
0x165dS0x16c4S0x300	[0x1678, [0x1638, nil]]
0x1677S0x16c4S0x300	[0x1678, [0x1638, nil]]
0x165aS0x16c4S0x300	[0x1678, [0x1638, nil]]
0x1674S0x16c4S0x300	[0x1678, [0x1638, nil]]
0x7080S0x16c4S0x300	[0x1678, [0x1638, nil]]
0x1644S0x16c4S0x300	[0x1678, [0x1638, nil]]
0x1647S0x16eeS0x300	[0x1678, [0x1638, nil]]
0x165dS0x16eeS0x300	[0x1678, [0x1638, nil]]
0x1677S0x16eeS0x300	[0x1678, [0x1638, nil]]
0x165aS0x16eeS0x300	[0x1678, [0x1638, nil]]
0x1674S0x16eeS0x300	[0x1678, [0x1638, nil]]
0x7080S0x16eeS0x300	[0x1678, [0x1638, nil]]
0x1644S0x16eeS0x300	[0x1678, [0x1638, nil]]
0x1392S0x1718S0x300	[0x1678, [0x1383, nil]]
0x13a8S0x1718S0x300	[0x1678, [0x1383, nil]]
0x13bfS0x1718S0x300	[0x1678, [0x1383, nil]]
0x13a5S0x1718S0x300	[0x1678, [0x1383, nil]]
0x13bcS0x1718S0x300	[0x1678, [0x1383, nil]]
0x700eS0x1718S0x300	[0x1678, [0x1383, nil]]
0x138fS0x1718S0x300	[0x1678, [0x1383, nil]]
0x174cS0x360	[0x1738, nil]
0x178fS0x360	[0x1738, nil]
0x1749S0x360	[0x1738, nil]
0x1757S0x360	[0x1738, nil]
0x1767S0x360	[0x1738, nil]
0x178cS0x360	[0x1738, nil]
0x179bS0x360	[0x1738, nil]
0x17adS0x360	[0x1738, nil]
0x1382S0x174dS0x360	[0x1738, [0x136f, nil]]
0x6fe8S0x174dS0x360	[0x1738, [0x136f, nil]]
0x137fS0x174dS0x360	[0x1738, [0x136f, nil]]
0x1382S0x1758S0x360	[0x1738, [0x136f, nil]]
0x6fe8S0x1758S0x360	[0x1738, [0x136f, nil]]
0x137fS0x1758S0x360	[0x1738, [0x136f, nil]]
0x1392S0x1790S0x360	[0x1738, [0x1383, nil]]
0x13a8S0x1790S0x360	[0x1738, [0x1383, nil]]
0x13bfS0x1790S0x360	[0x1738, [0x1383, nil]]
0x13a5S0x1790S0x360	[0x1738, [0x1383, nil]]
0x13bcS0x1790S0x360	[0x1738, [0x1383, nil]]
0x700eS0x1790S0x360	[0x1738, [0x1383, nil]]
0x138fS0x1790S0x360	[0x1738, [0x1383, nil]]
0x1445S0x342	[0x1434, nil]
0x1461S0x342	[0x1434, nil]
0x1442S0x342	[0x1434, nil]
0x145eS0x342	[0x1434, nil]
0x146dS0x342	[0x1434, nil]
0x147aS0x342	[0x1434, nil]
0x1392S0x1462S0x342	[0x1434, [0x1383, nil]]
0x13a8S0x1462S0x342	[0x1434, [0x1383, nil]]
0x13bfS0x1462S0x342	[0x1434, [0x1383, nil]]
0x13a5S0x1462S0x342	[0x1434, [0x1383, nil]]
0x13bcS0x1462S0x342	[0x1434, [0x1383, nil]]
0x700eS0x1462S0x342	[0x1434, [0x1383, nil]]
0x138fS0x1462S0x342	[0x1434, [0x1383, nil]]
0x8e0S0x2a3	[0x8ad, nil]
0x8d5S0x2a3	[0x8ad, nil]
0x949S0x2a3	[0x8ad, nil]
0x95bS0x2a3	[0x8ad, nil]
0x958S0x2a3	[0x8ad, nil]
0x1862S0x2a3	[0x8ad, nil]
0x186eS0x2a3	[0x8ad, nil]
0x8c8S0x2a3	[0x8ad, nil]
0x8f2S0x2a3	[0x8ad, nil]
0x900S0x2a3	[0x8ad, nil]
0x6eeaS0x2a3	[0x8ad, nil]
0x912S0x2a3	[0x8ad, nil]
0x6f10S0x2a3	[0x8ad, nil]
0x954S0x2a3	[0x8ad, nil]
0x186bS0x2a3	[0x8ad, nil]
0x187bS0x2a3	[0x8ad, nil]
0x657S0x2a3	[0x8ad, nil]
0x185fS0x2a3	[0x8ad, nil]
0x946S0x2a3	[0x8ad, nil]
0x930S0x2a3	[0x8ad, nil]
0x360f0x8adS0x2a3	[0x8ad, nil]
0x1827S0x8e1S0x2a3	[0x8ad, [0x1813, nil]]
0x1840S0x8e1S0x2a3	[0x8ad, [0x1813, nil]]
0x1854S0x8e1S0x2a3	[0x8ad, [0x1813, nil]]
0x1824S0x8e1S0x2a3	[0x8ad, [0x1813, nil]]
0x183dS0x8e1S0x2a3	[0x8ad, [0x1813, nil]]
0x1851S0x8e1S0x2a3	[0x8ad, [0x1813, nil]]
0x71180x8adS0x2a3	[0x8ad, nil]
0x70ccS0x8e1S0x2a3	[0x8ad, [0x1813, nil]]
0xc00S0x8f3S0x2a3	[0x8ad, [0xbeb, nil]]
0xc07S0x8f3S0x2a3	[0x8ad, [0xbeb, nil]]
0xc45S0x8f3S0x2a3	[0x8ad, [0xbeb, nil]]
0xcb4S0x8f3S0x2a3	[0x8ad, [0xbeb, nil]]
0xca6S0x8f3S0x2a3	[0x8ad, [0xbeb, nil]]
0xca9S0x8f3S0x2a3	[0x8ad, [0xbeb, nil]]
0xcb0S0x8f3S0x2a3	[0x8ad, [0xbeb, nil]]
0x19ceS0x8f3S0x2a3	[0x8ad, [0xbeb, nil]]
0x6f58S0x8f3S0x2a3	[0x8ad, [0xbeb, nil]]
0xc19S0x8f3S0x2a3	[0x8ad, [0xbeb, nil]]
0x3541S0x8f3S0x2a3	[0x8ad, [0xbeb, nil]]
0x3538S0x8f3S0x2a3	[0x8ad, [0xbeb, nil]]
0x353dS0x8f3S0x2a3	[0x8ad, [0xbeb, nil]]
0xc2aS0x8f3S0x2a3	[0x8ad, [0xbeb, nil]]
0x19cbS0x8f3S0x2a3	[0x8ad, [0xbeb, nil]]
0xc39S0x8f3S0x2a3	[0x8ad, [0xbeb, nil]]
0xc4aS0x8f3S0x2a3	[0x8ad, [0xbeb, nil]]
0xc6cS0x8f3S0x2a3	[0x8ad, [0xbeb, nil]]
0xc7aS0x8f3S0x2a3	[0x8ad, [0xbeb, nil]]
0xc94S0x8f3S0x2a3	[0x8ad, [0xbeb, nil]]
0x19e7S0x8f3S0x2a3	[0x8ad, [0xbeb, nil]]
0x19ddS0x8f3S0x2a3	[0x8ad, [0xbeb, nil]]
0x19e3S0x8f3S0x2a3	[0x8ad, [0xbeb, nil]]
0xcc4S0x8f3S0x2a3	[0x8ad, [0xbeb, nil]]
0xcdbS0x8f3S0x2a3	[0x8ad, [0xbeb, nil]]
0xbf5S0x8f3S0x2a3	[0x8ad, [0xbeb, nil]]
0x19d8S0x8f3S0x2a3	[0x8ad, [0xbeb, nil]]
0xccbS0x8f3S0x2a3	[0x8ad, [0xbeb, nil]]
0x1827S0xc4dS0x8f3S0x2a3	[0x8ad, [0xbeb, [0x1813, nil]]]
0x1840S0xc4dS0x8f3S0x2a3	[0x8ad, [0xbeb, [0x1813, nil]]]
0x1854S0xc4dS0x8f3S0x2a3	[0x8ad, [0xbeb, [0x1813, nil]]]
0x1824S0xc4dS0x8f3S0x2a3	[0x8ad, [0xbeb, [0x1813, nil]]]
0x183dS0xc4dS0x8f3S0x2a3	[0x8ad, [0xbeb, [0x1813, nil]]]
0x1851S0xc4dS0x8f3S0x2a3	[0x8ad, [0xbeb, [0x1813, nil]]]
0x70ccS0xc4dS0x8f3S0x2a3	[0x8ad, [0xbeb, [0x1813, nil]]]
0x1510S0xc3aS0x8f3S0x2a3	[0x8ad, [0xbeb, [0x1501, nil]]]
0x150dS0xc3aS0x8f3S0x2a3	[0x8ad, [0xbeb, [0x1501, nil]]]
0x151bS0xc3aS0x8f3S0x2a3	[0x8ad, [0xbeb, [0x1501, nil]]]
0x705aS0xc3aS0x8f3S0x2a3	[0x8ad, [0xbeb, [0x1501, nil]]]
0x1382S0x1511S0xc3aS0x8f3S0x2a3	[0x8ad, [0xbeb, [0x1501, [0x136f, nil]]]]
0x6fe8S0x1511S0xc3aS0x8f3S0x2a3	[0x8ad, [0xbeb, [0x1501, [0x136f, nil]]]]
0x137fS0x1511S0xc3aS0x8f3S0x2a3	[0x8ad, [0xbeb, [0x1501, [0x136f, nil]]]]
0x1510S0xc1aS0x8f3S0x2a3	[0x8ad, [0xbeb, [0x1501, nil]]]
0x150dS0xc1aS0x8f3S0x2a3	[0x8ad, [0xbeb, [0x1501, nil]]]
0x151bS0xc1aS0x8f3S0x2a3	[0x8ad, [0xbeb, [0x1501, nil]]]
0x705aS0xc1aS0x8f3S0x2a3	[0x8ad, [0xbeb, [0x1501, nil]]]
0x1382S0x1511S0xc1aS0x8f3S0x2a3	[0x8ad, [0xbeb, [0x1501, [0x136f, nil]]]]
0x6fe8S0x1511S0xc1aS0x8f3S0x2a3	[0x8ad, [0xbeb, [0x1501, [0x136f, nil]]]]
0x137fS0x1511S0xc1aS0x8f3S0x2a3	[0x8ad, [0xbeb, [0x1501, [0x136f, nil]]]]
0xaddS0x350	[0xad2, nil]
0x6f34S0x350	[0xad2, nil]
0xd2aS0xad2S0x350	[0xad2, [0xcdc, nil]]
0xd1fS0xad2S0x350	[0xad2, [0xcdc, nil]]
0xd4bS0xad2S0x350	[0xad2, [0xcdc, nil]]
0xd62S0xad2S0x350	[0xad2, [0xcdc, nil]]
0xd57S0xad2S0x350	[0xad2, [0xcdc, nil]]
0xdaeS0xad2S0x350	[0xad2, [0xcdc, nil]]
0x1a14S0xad2S0x350	[0xad2, [0xcdc, nil]]
0x1a0bS0xad2S0x350	[0xad2, [0xcdc, nil]]
0x1a10S0xad2S0x350	[0xad2, [0xcdc, nil]]
0xcfeS0xad2S0x350	[0xad2, [0xcdc, nil]]
0xd12S0xad2S0x350	[0xad2, [0xcdc, nil]]
0xd44S0xad2S0x350	[0xad2, [0xcdc, nil]]
0xd8aS0xad2S0x350	[0xad2, [0xcdc, nil]]
0xd6cS0xad2S0x350	[0xad2, [0xcdc, nil]]
0xd71S0xad2S0x350	[0xad2, [0xcdc, nil]]
0xf8bS0xad2S0x350	[0xad2, [0xcdc, nil]]
0xf80S0xad2S0x350	[0xad2, [0xcdc, nil]]
0xfc6S0xad2S0x350	[0xad2, [0xcdc, nil]]
0xf9aS0xad2S0x350	[0xad2, [0xcdc, nil]]
0xfa8S0xad2S0x350	[0xad2, [0xcdc, nil]]
0xfabS0xad2S0x350	[0xad2, [0xcdc, nil]]
0x100eS0xad2S0x350	[0xad2, [0xcdc, nil]]
0xfeaS0xad2S0x350	[0xad2, [0xcdc, nil]]
0x1a01S0xad2S0x350	[0xad2, [0xcdc, nil]]
0x6f7eS0xad2S0x350	[0xad2, [0xcdc, nil]]
0x1a1dS0xad2S0x350	[0xad2, [0xcdc, nil]]
0x360f0xcdcS0xad2S0x350	[0xad2, [0xcdc, nil]]
0x71180xcdcS0xad2S0x350	[0xad2, [0xcdc, nil]]
0xc00S0xd63S0xad2S0x350	[0xad2, [0xcdc, [0xbeb, nil]]]
0xc07S0xd63S0xad2S0x350	[0xad2, [0xcdc, [0xbeb, nil]]]
0xc45S0xd63S0xad2S0x350	[0xad2, [0xcdc, [0xbeb, nil]]]
0xcb4S0xd63S0xad2S0x350	[0xad2, [0xcdc, [0xbeb, nil]]]
0xca6S0xd63S0xad2S0x350	[0xad2, [0xcdc, [0xbeb, nil]]]
0xca9S0xd63S0xad2S0x350	[0xad2, [0xcdc, [0xbeb, nil]]]
0xcb0S0xd63S0xad2S0x350	[0xad2, [0xcdc, [0xbeb, nil]]]
0x19ceS0xd63S0xad2S0x350	[0xad2, [0xcdc, [0xbeb, nil]]]
0x6f58S0xd63S0xad2S0x350	[0xad2, [0xcdc, [0xbeb, nil]]]
0xc19S0xd63S0xad2S0x350	[0xad2, [0xcdc, [0xbeb, nil]]]
0x3541S0xd63S0xad2S0x350	[0xad2, [0xcdc, [0xbeb, nil]]]
0x3538S0xd63S0xad2S0x350	[0xad2, [0xcdc, [0xbeb, nil]]]
0x353dS0xd63S0xad2S0x350	[0xad2, [0xcdc, [0xbeb, nil]]]
0xc2aS0xd63S0xad2S0x350	[0xad2, [0xcdc, [0xbeb, nil]]]
0x19cbS0xd63S0xad2S0x350	[0xad2, [0xcdc, [0xbeb, nil]]]
0xc39S0xd63S0xad2S0x350	[0xad2, [0xcdc, [0xbeb, nil]]]
0xc4aS0xd63S0xad2S0x350	[0xad2, [0xcdc, [0xbeb, nil]]]
0xc6cS0xd63S0xad2S0x350	[0xad2, [0xcdc, [0xbeb, nil]]]
0xc7aS0xd63S0xad2S0x350	[0xad2, [0xcdc, [0xbeb, nil]]]
0xc94S0xd63S0xad2S0x350	[0xad2, [0xcdc, [0xbeb, nil]]]
0x19e7S0xd63S0xad2S0x350	[0xad2, [0xcdc, [0xbeb, nil]]]
0x19ddS0xd63S0xad2S0x350	[0xad2, [0xcdc, [0xbeb, nil]]]
0x19e3S0xd63S0xad2S0x350	[0xad2, [0xcdc, [0xbeb, nil]]]
0xcc4S0xd63S0xad2S0x350	[0xad2, [0xcdc, [0xbeb, nil]]]
0xcdbS0xd63S0xad2S0x350	[0xad2, [0xcdc, [0xbeb, nil]]]
0xbf5S0xd63S0xad2S0x350	[0xad2, [0xcdc, [0xbeb, nil]]]
0x19d8S0xd63S0xad2S0x350	[0xad2, [0xcdc, [0xbeb, nil]]]
0xccbS0xd63S0xad2S0x350	[0xad2, [0xcdc, [0xbeb, nil]]]
0x1827S0xc4dS0xd63S0xad2S0x350	[0xad2, [0xcdc, [0xbeb, [0x1813, nil]]]]
0x1840S0xc4dS0xd63S0xad2S0x350	[0xad2, [0xcdc, [0xbeb, [0x1813, nil]]]]
0x1854S0xc4dS0xd63S0xad2S0x350	[0xad2, [0xcdc, [0xbeb, [0x1813, nil]]]]
0x1824S0xc4dS0xd63S0xad2S0x350	[0xad2, [0xcdc, [0xbeb, [0x1813, nil]]]]
0x183dS0xc4dS0xd63S0xad2S0x350	[0xad2, [0xcdc, [0xbeb, [0x1813, nil]]]]
0x1851S0xc4dS0xd63S0xad2S0x350	[0xad2, [0xcdc, [0xbeb, [0x1813, nil]]]]
0x70ccS0xc4dS0xd63S0xad2S0x350	[0xad2, [0xcdc, [0xbeb, [0x1813, nil]]]]
0x1510S0xc3aS0xd63S0xad2S0x350	[0xad2, [0xcdc, [0xbeb, [0x1501, nil]]]]
0x150dS0xc3aS0xd63S0xad2S0x350	[0xad2, [0xcdc, [0xbeb, [0x1501, nil]]]]
0x151bS0xc3aS0xd63S0xad2S0x350	[0xad2, [0xcdc, [0xbeb, [0x1501, nil]]]]
0x705aS0xc3aS0xd63S0xad2S0x350	[0xad2, [0xcdc, [0xbeb, [0x1501, nil]]]]
0x1382S0x1511S0xc3aS0xd63S0xad2S0x350	[0xad2, [0xcdc, [0xbeb, [0x1501, [0x136f, nil]]]]]
0x6fe8S0x1511S0xc3aS0xd63S0xad2S0x350	[0xad2, [0xcdc, [0xbeb, [0x1501, [0x136f, nil]]]]]
0x137fS0x1511S0xc3aS0xd63S0xad2S0x350	[0xad2, [0xcdc, [0xbeb, [0x1501, [0x136f, nil]]]]]
0x1510S0xc1aS0xd63S0xad2S0x350	[0xad2, [0xcdc, [0xbeb, [0x1501, nil]]]]
0x150dS0xc1aS0xd63S0xad2S0x350	[0xad2, [0xcdc, [0xbeb, [0x1501, nil]]]]
0x151bS0xc1aS0xd63S0xad2S0x350	[0xad2, [0xcdc, [0xbeb, [0x1501, nil]]]]
0x705aS0xc1aS0xd63S0xad2S0x350	[0xad2, [0xcdc, [0xbeb, [0x1501, nil]]]]
0x1382S0x1511S0xc1aS0xd63S0xad2S0x350	[0xad2, [0xcdc, [0xbeb, [0x1501, [0x136f, nil]]]]]
0x6fe8S0x1511S0xc1aS0xd63S0xad2S0x350	[0xad2, [0xcdc, [0xbeb, [0x1501, [0x136f, nil]]]]]
0x137fS0x1511S0xc1aS0xd63S0xad2S0x350	[0xad2, [0xcdc, [0xbeb, [0x1501, [0x136f, nil]]]]]
