0x4a0	0x4a0arg0x0	0
0x73f	0x73farg0x0	0
0x73f	0x73farg0x2	2
0x73f	0x73farg0x1	1
0x73f	0x73farg0x3	3
0x1318	0x1318arg0x0	0
0x1344	0x1344arg0x0	0
0x1cdf	0x1cdfarg0x1	1
0x1cdf	0x1cdfarg0x0	0
0x1cdf	0x1cdfarg0x2	2
0x2390	0x2390arg0x0	0
0x2390	0x2390arg0x1	1
0x1b9a	0x1b9aarg0x0	0
0x1b9a	0x1b9aarg0x1	1
0x1301	0x1301arg0x1	1
0x1301	0x1301arg0x0	0
0x1660	0x1660arg0x2	2
0x1660	0x1660arg0x3	3
0x1660	0x1660arg0x4	4
0x1660	0x1660arg0x1	1
0x1660	0x1660arg0x0	0
